1.0000e+00    9.9523e-01    9.9323e-01    9.8986e-01    9.9844e-01    9.9243e-01    9.9688e-01    9.9604e-01    9.9785e-01    9.9664e-01    9.9640e-01    9.8945e-01
9.9523e-01    1.0000e+00    9.9080e-01    9.8761e-01    9.9533e-01    9.8934e-01    9.9469e-01    9.9221e-01    9.9454e-01    9.9437e-01    9.9238e-01    9.9101e-01
9.9323e-01    9.9080e-01    1.0000e+00    9.9326e-01    9.9497e-01    9.8399e-01    9.9180e-01    9.9449e-01    9.9566e-01    9.9401e-01    9.9559e-01    9.9119e-01
9.8986e-01    9.8761e-01    9.9326e-01    1.0000e+00    9.9154e-01    9.8242e-01    9.9097e-01    9.9143e-01    9.9185e-01    9.9085e-01    9.9204e-01    9.9331e-01
9.9844e-01    9.9533e-01    9.9497e-01    9.9154e-01    1.0000e+00    9.9296e-01    9.9751e-01    9.9772e-01    9.9904e-01    9.9755e-01    9.9752e-01    9.9173e-01
9.9243e-01    9.8934e-01    9.8399e-01    9.8242e-01    9.9296e-01    1.0000e+00    9.9288e-01    9.9098e-01    9.9124e-01    9.8822e-01    9.8834e-01    9.8440e-01
9.9688e-01    9.9469e-01    9.9180e-01    9.9097e-01    9.9751e-01    9.9288e-01    1.0000e+00    9.9628e-01    9.9638e-01    9.9609e-01    9.9448e-01    9.9160e-01
9.9604e-01    9.9221e-01    9.9449e-01    9.9143e-01    9.9772e-01    9.9098e-01    9.9628e-01    1.0000e+00    9.9715e-01    9.9677e-01    9.9562e-01    9.9059e-01
9.9785e-01    9.9454e-01    9.9566e-01    9.9185e-01    9.9904e-01    9.9124e-01    9.9638e-01    9.9715e-01    1.0000e+00    9.9744e-01    9.9782e-01    9.9062e-01
9.9664e-01    9.9437e-01    9.9401e-01    9.9085e-01    9.9755e-01    9.8822e-01    9.9609e-01    9.9677e-01    9.9744e-01    1.0000e+00    9.9586e-01    9.9027e-01
9.9640e-01    9.9238e-01    9.9559e-01    9.9204e-01    9.9752e-01    9.8834e-01    9.9448e-01    9.9562e-01    9.9782e-01    9.9586e-01    1.0000e+00    9.8998e-01
9.8945e-01    9.9101e-01    9.9119e-01    9.9331e-01    9.9173e-01    9.8440e-01    9.9160e-01    9.9059e-01    9.9062e-01    9.9027e-01    9.8998e-01    1.0000e+00
