1.0000e+00    9.9536e-01    9.9310e-01    9.9026e-01    9.9845e-01    9.9285e-01    9.9701e-01    9.9628e-01    9.9782e-01    9.9702e-01    9.9644e-01    9.9078e-01
9.9536e-01    1.0000e+00    9.9060e-01    9.8724e-01    9.9541e-01    9.8985e-01    9.9457e-01    9.9244e-01    9.9457e-01    9.9472e-01    9.9231e-01    9.9133e-01
9.9310e-01    9.9060e-01    1.0000e+00    9.9278e-01    9.9497e-01    9.8452e-01    9.9145e-01    9.9430e-01    9.9556e-01    9.9402e-01    9.9544e-01    9.9138e-01
9.9026e-01    9.8724e-01    9.9278e-01    1.0000e+00    9.9180e-01    9.8292e-01    9.9092e-01    9.9179e-01    9.9228e-01    9.9111e-01    9.9239e-01    9.9354e-01
9.9845e-01    9.9541e-01    9.9497e-01    9.9180e-01    1.0000e+00    9.9320e-01    9.9731e-01    9.9782e-01    9.9906e-01    9.9785e-01    9.9765e-01    9.9264e-01
9.9285e-01    9.8985e-01    9.8452e-01    9.8292e-01    9.9320e-01    1.0000e+00    9.9318e-01    9.9116e-01    9.9135e-01    9.8934e-01    9.8876e-01    9.8603e-01
9.9701e-01    9.9457e-01    9.9145e-01    9.9092e-01    9.9731e-01    9.9318e-01    1.0000e+00    9.9620e-01    9.9623e-01    9.9623e-01    9.9427e-01    9.9260e-01
9.9628e-01    9.9244e-01    9.9430e-01    9.9179e-01    9.9782e-01    9.9116e-01    9.9620e-01    1.0000e+00    9.9727e-01    9.9701e-01    9.9571e-01    9.9168e-01
9.9782e-01    9.9457e-01    9.9556e-01    9.9228e-01    9.9906e-01    9.9135e-01    9.9623e-01    9.9727e-01    1.0000e+00    9.9765e-01    9.9800e-01    9.9174e-01
9.9702e-01    9.9472e-01    9.9402e-01    9.9111e-01    9.9785e-01    9.8934e-01    9.9623e-01    9.9701e-01    9.9765e-01    1.0000e+00    9.9602e-01    9.9134e-01
9.9644e-01    9.9231e-01    9.9544e-01    9.9239e-01    9.9765e-01    9.8876e-01    9.9427e-01    9.9571e-01    9.9800e-01    9.9602e-01    1.0000e+00    9.9066e-01
9.9078e-01    9.9133e-01    9.9138e-01    9.9354e-01    9.9264e-01    9.8603e-01    9.9260e-01    9.9168e-01    9.9174e-01    9.9134e-01    9.9066e-01    1.0000e+00
