1.0000e+00    9.9209e-01    9.8904e-01    9.8900e-01    9.9384e-01    9.8158e-01    9.8789e-01    9.9245e-01    9.9459e-01    9.9453e-01    9.9166e-01    9.8540e-01
9.9209e-01    1.0000e+00    9.8836e-01    9.8387e-01    9.8815e-01    9.7238e-01    9.8101e-01    9.8628e-01    9.8988e-01    9.8965e-01    9.8517e-01    9.8203e-01
9.8904e-01    9.8836e-01    1.0000e+00    9.8862e-01    9.9280e-01    9.7424e-01    9.8539e-01    9.9213e-01    9.9497e-01    9.9380e-01    9.9118e-01    9.8650e-01
9.8900e-01    9.8387e-01    9.8862e-01    1.0000e+00    9.9112e-01    9.7141e-01    9.8339e-01    9.8924e-01    9.9221e-01    9.9421e-01    9.8546e-01    9.8010e-01
9.9384e-01    9.8815e-01    9.9280e-01    9.9112e-01    1.0000e+00    9.8865e-01    9.9502e-01    9.9748e-01    9.9819e-01    9.9701e-01    9.9665e-01    9.9048e-01
9.8158e-01    9.7238e-01    9.7424e-01    9.7141e-01    9.8865e-01    1.0000e+00    9.9148e-01    9.8603e-01    9.8258e-01    9.8016e-01    9.8710e-01    9.8323e-01
9.8789e-01    9.8101e-01    9.8539e-01    9.8339e-01    9.9502e-01    9.9148e-01    1.0000e+00    9.9502e-01    9.9055e-01    9.9109e-01    9.9299e-01    9.9414e-01
9.9245e-01    9.8628e-01    9.9213e-01    9.8924e-01    9.9748e-01    9.8603e-01    9.9502e-01    1.0000e+00    9.9637e-01    9.9641e-01    9.9524e-01    9.9166e-01
9.9459e-01    9.8988e-01    9.9497e-01    9.9221e-01    9.9819e-01    9.8258e-01    9.9055e-01    9.9637e-01    1.0000e+00    9.9766e-01    9.9597e-01    9.8706e-01
9.9453e-01    9.8965e-01    9.9380e-01    9.9421e-01    9.9701e-01    9.8016e-01    9.9109e-01    9.9641e-01    9.9766e-01    1.0000e+00    9.9438e-01    9.8764e-01
9.9166e-01    9.8517e-01    9.9118e-01    9.8546e-01    9.9665e-01    9.8710e-01    9.9299e-01    9.9524e-01    9.9597e-01    9.9438e-01    1.0000e+00    9.8868e-01
9.8540e-01    9.8203e-01    9.8650e-01    9.8010e-01    9.9048e-01    9.8323e-01    9.9414e-01    9.9166e-01    9.8706e-01    9.8764e-01    9.8868e-01    1.0000e+00
