1.0000e+00    9.9018e-01    9.8767e-01    9.8527e-01    9.9069e-01    9.7484e-01    9.8277e-01    9.9058e-01    9.9263e-01    9.9301e-01    9.8792e-01    9.8199e-01
9.9018e-01    1.0000e+00    9.8543e-01    9.7911e-01    9.8331e-01    9.6313e-01    9.7235e-01    9.8213e-01    9.8588e-01    9.8650e-01    9.7891e-01    9.7553e-01
9.8767e-01    9.8543e-01    1.0000e+00    9.8667e-01    9.9213e-01    9.7054e-01    9.8258e-01    9.9181e-01    9.9472e-01    9.9402e-01    9.8944e-01    9.8401e-01
9.8527e-01    9.7911e-01    9.8667e-01    1.0000e+00    9.8804e-01    9.6083e-01    9.7633e-01    9.8596e-01    9.9023e-01    9.9259e-01    9.7897e-01    9.7402e-01
9.9069e-01    9.8331e-01    9.9213e-01    9.8804e-01    1.0000e+00    9.8589e-01    9.9356e-01    9.9749e-01    9.9779e-01    9.9630e-01    9.9571e-01    9.8891e-01
9.7484e-01    9.6313e-01    9.7054e-01    9.6083e-01    9.8589e-01    1.0000e+00    9.9000e-01    9.8403e-01    9.7842e-01    9.7492e-01    9.8647e-01    9.8144e-01
9.8277e-01    9.7235e-01    9.8258e-01    9.7633e-01    9.9356e-01    9.9000e-01    1.0000e+00    9.9413e-01    9.8767e-01    9.8816e-01    9.9228e-01    9.9362e-01
9.9058e-01    9.8213e-01    9.9181e-01    9.8596e-01    9.9749e-01    9.8403e-01    9.9413e-01    1.0000e+00    9.9610e-01    9.9615e-01    9.9515e-01    9.9136e-01
9.9263e-01    9.8588e-01    9.9472e-01    9.9023e-01    9.9779e-01    9.7842e-01    9.8767e-01    9.9610e-01    1.0000e+00    9.9754e-01    9.9438e-01    9.8469e-01
9.9301e-01    9.8650e-01    9.9402e-01    9.9259e-01    9.9630e-01    9.7492e-01    9.8816e-01    9.9615e-01    9.9754e-01    1.0000e+00    9.9222e-01    9.8580e-01
9.8792e-01    9.7891e-01    9.8944e-01    9.7897e-01    9.9571e-01    9.8647e-01    9.9228e-01    9.9515e-01    9.9438e-01    9.9222e-01    1.0000e+00    9.8862e-01
9.8199e-01    9.7553e-01    9.8401e-01    9.7402e-01    9.8891e-01    9.8144e-01    9.9362e-01    9.9136e-01    9.8469e-01    9.8580e-01    9.8862e-01    1.0000e+00
