0.0000e+00 2.2376e-02 1.7002e-01 5.5113e-01 2.4800e-01 3.1618e-01 3.9129e-01 3.8229e-01 9.5036e-02 3.5849e-01 2.4291e-02 1.9800e-01 7.9068e-02 3.0031e-01 2.1988e-01 3.0442e-02 4.0071e-02
2.2376e-02 0.0000e+00 5.5287e-01 -3.8099e-02 -9.1442e-02 -4.2790e-02 -6.4707e-02 1.3792e-01 4.4990e-01 1.6164e-01 -1.5142e-01 -8.1536e-02 -1.2682e-01 -3.1650e-02 -7.3266e-02 -1.0651e-01 -1.1279e-01
1.7002e-01 5.5287e-01 0.0000e+00 7.5194e-02 2.5177e-02 1.1481e-01 7.8356e-02 3.9337e-01 5.5284e-01 4.3762e-01 -1.4377e-01 7.0004e-02 -6.9652e-02 2.1787e-01 -6.0683e-02 -9.2840e-02 -9.4922e-02
5.5113e-01 -3.8099e-02 7.5194e-02 0.0000e+00 3.3090e-01 3.1167e-01 2.9241e-01 2.8317e-01 -1.8227e-02 2.1159e-01 1.0518e-01 2.0374e-01 1.5423e-01 1.8656e-01 5.0446e-02 8.6534e-02 7.4771e-02
2.4800e-01 -9.1442e-02 2.5177e-02 3.3090e-01 0.0000e+00 5.0489e-01 4.9528e-01 4.5398e-01 3.2097e-02 3.0554e-01 1.9116e-01 2.4648e-01 2.0054e-01 2.8845e-01 1.6172e-01 1.2348e-01 1.0581e-01
3.1618e-01 -4.2790e-02 1.1481e-01 3.1167e-01 5.0489e-01 0.0000e+00 5.1975e-01 4.7179e-01 1.1278e-01 5.2005e-01 2.8465e-01 3.9282e-01 3.1444e-01 3.3674e-01 1.2077e-01 2.1072e-01 1.9137e-01
3.9129e-01 -6.4707e-02 7.8356e-02 2.9241e-01 4.9528e-01 5.1975e-01 0.0000e+00 4.4582e-01 1.7592e-01 5.1128e-01 7.3439e-02 2.9846e-01 1.1798e-01 3.8418e-01 5.8284e-01 3.9006e-02 1.9328e-02
3.8229e-01 1.3792e-01 3.9337e-01 2.8317e-01 4.5398e-01 4.7179e-01 4.4582e-01 0.0000e+00 5.0421e-01 7.2337e-01 1.8440e-02 2.1226e-01 6.7794e-02 5.0271e-01 1.3599e-01 -5.2375e-03 1.3462e-02
9.5036e-02 4.4990e-01 5.5284e-01 -1.8227e-02 3.2097e-02 1.1278e-01 1.7592e-01 5.0421e-01 0.0000e+00 6.4919e-01 -1.8878e-01 2.1641e-02 -1.3456e-01 2.3906e-01 8.3554e-02 -1.6004e-01 -1.3629e-01
3.5849e-01 1.6164e-01 4.3762e-01 2.1159e-01 3.0554e-01 5.2005e-01 5.1128e-01 7.2337e-01 6.4919e-01 0.0000e+00 6.7889e-02 3.6427e-01 1.3583e-01 5.2220e-01 2.0417e-01 4.3063e-02 4.1939e-02
2.4291e-02 -1.5142e-01 -1.4377e-01 1.0518e-01 1.9116e-01 2.8465e-01 7.3439e-02 1.8440e-02 -1.8878e-01 6.7889e-02 0.0000e+00 4.9303e-01 6.7700e-01 1.1350e-01 -1.3970e-01 6.5268e-01 6.1537e-01
1.9800e-01 -8.1536e-02 7.0004e-02 2.0374e-01 2.4648e-01 3.9282e-01 2.9846e-01 2.1226e-01 2.1641e-02 3.6427e-01 4.9303e-01 0.0000e+00 6.8757e-01 3.1521e-01 6.2956e-02 3.7695e-01 2.9407e-01
7.9068e-02 -1.2682e-01 -6.9652e-02 1.5423e-01 2.0054e-01 3.1444e-01 1.1798e-01 6.7794e-02 -1.3456e-01 1.3583e-01 6.7700e-01 6.8757e-01 0.0000e+00 1.6931e-01 -1.1510e-01 4.8992e-01 4.1389e-01
3.0031e-01 -3.1650e-02 2.1787e-01 1.8656e-01 2.8845e-01 3.3674e-01 3.8418e-01 5.0271e-01 2.3906e-01 5.2220e-01 1.1350e-01 3.1521e-01 1.6931e-01 0.0000e+00 1.6628e-01 9.9117e-02 9.5678e-02
2.1988e-01 -7.3266e-02 -6.0683e-02 5.0446e-02 1.6172e-01 1.2077e-01 5.8284e-01 1.3599e-01 8.3554e-02 2.0417e-01 -1.3970e-01 6.2956e-02 -1.1510e-01 1.6628e-01 0.0000e+00 -1.4168e-01 -1.2435e-01
3.0442e-02 -1.0651e-01 -9.2840e-02 8.6534e-02 1.2348e-01 2.1072e-01 3.9006e-02 -5.2375e-03 -1.6004e-01 4.3063e-02 6.5268e-01 3.7695e-01 4.8992e-01 9.9117e-02 -1.4168e-01 0.0000e+00 5.1204e-01
4.0071e-02 -1.1279e-01 -9.4922e-02 7.4771e-02 1.0581e-01 1.9137e-01 1.9328e-02 1.3462e-02 -1.3629e-01 4.1939e-02 6.1537e-01 2.9407e-01 4.1389e-01 9.5678e-02 -1.2435e-01 5.1204e-01 0.0000e+00
