0.0000e+00 1.2905e-01 1.9032e-01 8.2654e-01 4.4710e-01 4.3267e-01 6.2096e-01 4.3037e-01 2.2515e-01 4.2057e-01 4.2937e-02 2.1099e-01 8.9125e-02 3.0330e-01 5.2278e-01 3.2322e-02 3.7812e-02
1.2905e-01 0.0000e+00 9.1338e-01 5.4446e-02 6.9096e-02 7.3643e-02 6.5655e-02 1.9323e-01 5.0824e-01 1.5766e-01 9.6820e-03 4.5693e-02 1.7832e-02 5.0642e-02 6.5675e-02 1.0596e-02 3.0371e-02
1.9032e-01 9.1338e-01 0.0000e+00 8.2559e-02 1.3023e-01 1.1193e-01 1.2822e-01 3.2786e-01 7.4599e-01 3.9876e-01 1.2157e-02 1.2164e-01 4.9257e-02 1.7457e-01 1.1049e-01 7.5063e-03 3.1293e-02
8.2654e-01 5.4446e-02 8.2559e-02 0.0000e+00 5.3846e-01 5.0242e-01 4.6533e-01 3.4996e-01 1.1215e-01 2.6154e-01 1.2605e-01 1.6544e-01 1.3309e-01 2.4439e-01 2.6051e-01 8.1700e-02 8.9120e-02
4.4710e-01 6.9096e-02 1.3023e-01 5.3846e-01 0.0000e+00 1.0440e+00 8.0110e-01 7.5548e-01 2.3561e-01 4.8316e-01 1.3888e-01 2.5264e-01 1.9826e-01 3.9086e-01 4.1999e-01 8.9378e-02 6.9023e-02
4.3267e-01 7.3643e-02 1.1193e-01 5.0242e-01 1.0440e+00 0.0000e+00 9.2818e-01 6.4334e-01 2.4916e-01 7.0858e-01 2.1515e-01 3.3877e-01 2.8523e-01 3.7642e-01 4.2080e-01 1.5264e-01 1.0686e-01
6.2096e-01 6.5655e-02 1.2822e-01 4.6533e-01 8.0110e-01 9.2818e-01 0.0000e+00 5.9539e-01 3.0787e-01 7.6827e-01 8.2422e-02 4.6307e-01 2.0988e-01 4.4995e-01 1.0931e+00 4.5755e-02 5.2229e-02
4.3037e-01 1.9323e-01 3.2786e-01 3.4996e-01 7.5548e-01 6.4334e-01 5.9539e-01 0.0000e+00 6.2914e-01 8.4617e-01 5.4419e-02 2.3629e-01 1.1689e-01 5.3488e-01 3.7702e-01 4.0728e-02 4.2542e-02
2.2515e-01 5.0824e-01 7.4599e-01 1.1215e-01 2.3561e-01 2.4916e-01 3.0787e-01 6.2914e-01 0.0000e+00 9.7051e-01 1.6694e-02 2.7877e-01 8.3781e-02 3.2896e-01 3.0025e-01 1.0662e-02 4.0710e-02
4.2057e-01 1.5766e-01 3.9876e-01 2.6154e-01 4.8316e-01 7.0858e-01 7.6827e-01 8.4617e-01 9.7051e-01 0.0000e+00 1.1892e-01 5.6590e-01 2.3088e-01 5.3344e-01 5.6019e-01 9.0898e-02 9.0703e-02
4.2937e-02 9.6820e-03 1.2157e-02 1.2605e-01 1.3888e-01 2.1515e-01 8.2422e-02 5.4419e-02 1.6694e-02 1.1892e-01 0.0000e+00 4.5376e-01 9.6827e-01 2.3691e-01 3.1115e-02 1.1384e+00 9.2146e-01
2.1099e-01 4.5693e-02 1.2164e-01 1.6544e-01 2.5264e-01 3.3877e-01 4.6307e-01 2.3629e-01 2.7877e-01 5.6590e-01 4.5376e-01 0.0000e+00 9.9063e-01 4.3673e-01 5.4236e-01 3.2662e-01 2.0535e-01
8.9125e-02 1.7832e-02 4.9257e-02 1.3309e-01 1.9826e-01 2.8523e-01 2.0988e-01 1.1689e-01 8.3781e-02 2.3088e-01 9.6827e-01 9.9063e-01 0.0000e+00 3.0774e-01 1.8984e-01 6.3422e-01 4.3207e-01
3.0330e-01 5.0642e-02 1.7457e-01 2.4439e-01 3.9086e-01 3.7642e-01 4.4995e-01 5.3488e-01 3.2896e-01 5.3344e-01 2.3691e-01 4.3673e-01 3.0774e-01 0.0000e+00 3.3997e-01 1.6212e-01 1.6279e-01
5.2278e-01 6.5675e-02 1.1049e-01 2.6051e-01 4.1999e-01 4.2080e-01 1.0931e+00 3.7702e-01 3.0025e-01 5.6019e-01 3.1115e-02 5.4236e-01 1.8984e-01 3.3997e-01 0.0000e+00 2.9521e-02 2.9591e-02
3.2322e-02 1.0596e-02 7.5063e-03 8.1700e-02 8.9378e-02 1.5264e-01 4.5755e-02 4.0728e-02 1.0662e-02 9.0898e-02 1.1384e+00 3.2662e-01 6.3422e-01 1.6212e-01 2.9521e-02 0.0000e+00 8.9700e-01
3.7812e-02 3.0371e-02 3.1293e-02 8.9120e-02 6.9023e-02 1.0686e-01 5.2229e-02 4.2542e-02 4.0710e-02 9.0703e-02 9.2146e-01 2.0535e-01 4.3207e-01 1.6279e-01 2.9591e-02 8.9700e-01 0.0000e+00
