0.0000e+00 5.6828e-01 3.4308e-01 2.1702e-01 5.5815e-02 4.5577e-01 2.7882e-01 2.1690e-01 3.9392e-02 2.4023e-02 -1.2530e-01 -1.3378e-01 2.2629e-03 9.5787e-02 -5.3972e-02 -2.0750e-01 3.0479e-02 2.1863e-01 3.3809e-01 1.1530e-02 1.2194e-01 9.2802e-02
5.6828e-01 0.0000e+00 4.3125e-01 4.6103e-01 1.2230e-01 5.5284e-01 2.9415e-01 1.5908e-01 -2.5242e-02 4.5338e-02 -1.9340e-02 8.2078e-03 1.7615e-01 1.6356e-01 9.8841e-02 -6.0294e-02 1.7129e-01 1.5093e-01 2.1787e-01 1.7488e-01 1.6348e-01 7.9455e-02
3.4308e-01 4.3125e-01 0.0000e+00 4.2439e-01 4.6927e-01 1.3467e-01 3.8277e-01 4.1237e-01 -2.8646e-03 1.8360e-01 2.4980e-01 2.1226e-01 4.9234e-01 4.3078e-01 3.5693e-01 9.7213e-02 3.9992e-01 2.4103e-01 -3.6394e-02 3.8798e-01 1.6609e-01 -2.2367e-02
2.1702e-01 4.6103e-01 4.2439e-01 0.0000e+00 2.4202e-01 2.5105e-01 2.2630e-01 1.9413e-01 -1.0582e-02 1.1971e-01 1.0595e-01 1.0069e-01 2.9430e-01 2.7710e-01 1.6739e-01 2.0153e-02 2.2953e-01 1.5165e-01 3.7557e-02 4.4530e-01 2.5315e-01 2.9849e-02
5.5815e-02 1.2230e-01 4.6927e-01 2.4202e-01 0.0000e+00 3.0814e-02 1.8416e-01 2.3132e-01 1.9758e-02 1.9580e-01 2.5521e-01 2.8590e-01 4.5226e-01 5.5197e-01 6.4247e-01 2.1599e-01 4.3419e-01 2.7713e-01 -1.3819e-01 1.9904e-01 8.9183e-02 -7.8760e-02
4.5577e-01 5.5284e-01 1.3467e-01 2.5105e-01 3.0814e-02 0.0000e+00 1.1206e-01 -7.0120e-02 -1.1227e-01 -9.8408e-02 -1.1369e-01 -1.0216e-01 5.0091e-02 -2.2165e-02 1.0720e-01 -7.5577e-02 1.7827e-01 2.5183e-02 2.3906e-01 -4.3105e-02 -5.6345e-03 6.9240e-02
2.7882e-01 2.9415e-01 3.8277e-01 2.2630e-01 1.8416e-01 1.1206e-01 0.0000e+00 6.8065e-01 1.8850e-01 1.7128e-01 4.5954e-02 8.0901e-03 1.5320e-01 2.4220e-01 -2.9325e-02 -1.3686e-01 6.8488e-02 2.0199e-01 6.0352e-02 2.1059e-01 3.9122e-01 -1.1024e-02
2.1690e-01 1.5908e-01 4.1237e-01 1.9413e-01 2.3132e-01 -7.0120e-02 6.8065e-01 0.0000e+00 2.7321e-01 2.6931e-01 6.0090e-02 2.2603e-02 1.6720e-01 3.3081e-01 -7.4391e-02 -1.7795e-01 2.9728e-02 2.6053e-01 3.7256e-02 2.9547e-01 4.9181e-01 -1.6929e-02
3.9392e-02 -2.5242e-02 -2.8646e-03 -1.0582e-02 1.9758e-02 -1.1227e-01 1.8850e-01 2.7321e-01 0.0000e+00 6.0955e-01 5.7932e-02 1.2832e-01 1.0344e-01 3.2028e-01 -1.0867e-01 -4.1711e-02 -2.2705e-02 2.4951e-01 1.4646e-01 -5.6239e-02 1.1163e-01 1.6431e-01
2.4023e-02 4.5338e-02 1.8360e-01 1.1971e-01 1.9580e-01 -9.8408e-02 1.7128e-01 2.6931e-01 6.0955e-01 0.0000e+00 2.6743e-01 4.0225e-01 4.0494e-01 5.4060e-01 2.0298e-02 6.1418e-02 1.8139e-01 2.5776e-01 9.7932e-02 9.5167e-02 8.3017e-02 2.0356e-01
-1.2530e-01 -1.9340e-02 2.4980e-01 1.0595e-01 2.5521e-01 -1.1369e-01 4.5954e-02 6.0090e-02 5.7932e-02 2.6743e-01 0.0000e+00 4.4772e-01 4.2502e-01 2.8647e-01 2.8027e-01 3.0789e-01 3.0211e-01 1.0395e-01 -3.3627e-02 1.2915e-01 -5.1875e-02 1.3302e-01
-1.3378e-01 8.2078e-03 2.1226e-01 1.0069e-01 2.8590e-01 -1.0216e-01 8.0901e-03 2.2603e-02 1.2832e-01 4.0225e-01 4.4772e-01 0.0000e+00 4.6723e-01 3.4562e-01 3.6722e-01 5.3149e-01 3.3357e-01 1.2802e-01 -8.0250e-02 7.2202e-02 -5.3931e-02 7.7837e-02
2.2629e-03 1.7615e-01 4.9234e-01 2.9430e-01 4.5226e-01 5.0091e-02 1.5320e-01 1.6720e-01 1.0344e-01 4.0494e-01 4.2502e-01 4.6723e-01 0.0000e+00 5.2780e-01 4.3180e-01 3.2685e-01 6.7503e-01 1.7064e-01 -7.7810e-02 2.7421e-01 2.5708e-03 7.2932e-02
9.5787e-02 1.6356e-01 4.3078e-01 2.7710e-01 5.5197e-01 -2.2165e-02 2.4220e-01 3.3081e-01 3.2028e-01 5.4060e-01 2.8647e-01 3.4562e-01 5.2780e-01 0.0000e+00 2.9516e-01 1.1066e-01 3.5408e-01 5.0497e-01 3.2644e-02 2.2708e-01 1.3157e-01 1.1013e-01
-5.3972e-02 9.8841e-02 3.5693e-01 1.6739e-01 6.4247e-01 1.0720e-01 -2.9325e-02 -7.4391e-02 -1.0867e-01 2.0298e-02 2.8027e-01 3.6722e-01 4.3180e-01 2.9516e-01 0.0000e+00 4.6719e-01 5.0057e-01 1.3412e-01 -1.8911e-01 5.9739e-02 -1.2126e-01 -6.8213e-02
-2.0750e-01 -6.0294e-02 9.7213e-02 2.0153e-02 2.1599e-01 -7.5577e-02 -1.3686e-01 -1.7795e-01 -4.1711e-02 6.1418e-02 3.0789e-01 5.3149e-01 3.2685e-01 1.1066e-01 4.6719e-01 0.0000e+00 3.7435e-01 -2.6323e-02 -1.4848e-01 -5.1825e-03 -1.6621e-01 -2.0397e-03
3.0479e-02 1.7129e-01 3.9992e-01 2.2953e-01 4.3419e-01 1.7827e-01 6.8488e-02 2.9728e-02 -2.2705e-02 1.8139e-01 3.0211e-01 3.3357e-01 6.7503e-01 3.5408e-01 5.0057e-01 3.7435e-01 0.0000e+00 1.6106e-01 -7.8392e-02 1.4336e-01 -7.6821e-02 -1.8169e-03
2.1863e-01 1.5093e-01 2.4103e-01 1.5165e-01 2.7713e-01 2.5183e-02 2.0199e-01 2.6053e-01 2.4951e-01 2.5776e-01 1.0395e-01 1.2802e-01 1.7064e-01 5.0497e-01 1.3412e-01 -2.6323e-02 1.6106e-01 0.0000e+00 3.3967e-01 3.6438e-02 9.1756e-02 1.8430e-01
3.3809e-01 2.1787e-01 -3.6394e-02 3.7557e-02 -1.3819e-01 2.3906e-01 6.0352e-02 3.7256e-02 1.4646e-01 9.7932e-02 -3.3627e-02 -8.0250e-02 -7.7810e-02 3.2644e-02 -1.8911e-01 -1.4848e-01 -7.8392e-02 3.3967e-01 0.0000e+00 -1.0146e-01 -2.4307e-02 4.9808e-01
1.1530e-02 1.7488e-01 3.8798e-01 4.4530e-01 1.9904e-01 -4.3105e-02 2.1059e-01 2.9547e-01 -5.6239e-02 9.5167e-02 1.2915e-01 7.2202e-02 2.7421e-01 2.2708e-01 5.9739e-02 -5.1825e-03 1.4336e-01 3.6438e-02 -1.0146e-01 0.0000e+00 3.8664e-01 -4.1652e-02
1.2194e-01 1.6348e-01 1.6609e-01 2.5315e-01 8.9183e-02 -5.6345e-03 3.9122e-01 4.9181e-01 1.1163e-01 8.3017e-02 -5.1875e-02 -5.3931e-02 2.5708e-03 1.3157e-01 -1.2126e-01 -1.6621e-01 -7.6821e-02 9.1756e-02 -2.4307e-02 3.8664e-01 0.0000e+00 -6.6769e-02
9.2802e-02 7.9455e-02 -2.2367e-02 2.9849e-02 -7.8760e-02 6.9240e-02 -1.1024e-02 -1.6929e-02 1.6431e-01 2.0356e-01 1.3302e-01 7.7837e-02 7.2932e-02 1.1013e-01 -6.8213e-02 -2.0397e-03 -1.8169e-03 1.8430e-01 4.9808e-01 -4.1652e-02 -6.6769e-02 0.0000e+00
