0.0000e+00 5.9867e-01 4.2309e-01 2.2812e-01 1.1023e-01 4.1753e-01 4.3315e-01 4.0166e-01 1.2403e-01 1.2587e-01 5.3396e-02 4.3725e-02 1.0650e-01 1.1507e-01 4.8347e-02 2.0885e-02 1.3319e-01 2.0567e-01 3.4134e-01 1.2303e-01 3.3439e-01 2.0493e-01
5.9867e-01 0.0000e+00 5.9802e-01 6.1907e-01 2.1454e-01 7.4599e-01 2.3261e-01 1.3966e-01 4.0045e-02 1.2560e-01 1.4804e-01 1.1737e-01 2.6939e-01 2.1583e-01 2.1847e-01 1.0168e-01 3.5656e-01 1.4038e-01 1.7457e-01 2.0016e-01 2.5753e-01 1.5645e-01
4.2309e-01 5.9802e-01 0.0000e+00 5.3058e-01 4.6741e-01 2.0330e-01 3.5378e-01 4.4565e-01 1.0662e-01 3.7853e-01 4.6701e-01 2.7249e-01 5.7245e-01 4.8534e-01 3.2776e-01 2.2027e-01 5.4346e-01 2.3415e-01 1.0834e-01 4.5832e-01 3.2523e-01 8.5485e-02
2.2812e-01 6.1907e-01 5.3058e-01 0.0000e+00 2.4954e-01 2.7487e-01 2.4948e-01 2.6443e-01 1.3616e-01 3.2342e-01 2.1699e-01 1.6526e-01 3.6401e-01 2.9654e-01 1.8872e-01 1.2895e-01 3.3107e-01 1.2021e-01 7.8134e-02 5.7497e-01 4.0142e-01 7.9737e-02
1.1023e-01 2.1454e-01 4.6741e-01 2.4954e-01 0.0000e+00 9.7895e-02 1.7282e-01 2.1683e-01 6.1334e-02 2.2870e-01 3.7498e-01 4.3730e-01 5.0020e-01 8.2688e-01 8.2531e-01 4.1871e-01 5.4775e-01 3.6865e-01 4.2190e-02 2.0565e-01 1.4865e-01 4.2647e-02
4.1753e-01 7.4599e-01 2.0330e-01 2.7487e-01 9.7895e-02 0.0000e+00 1.0718e-01 4.9033e-02 8.9598e-03 5.7459e-02 5.1524e-02 5.2510e-02 1.3741e-01 9.1576e-02 1.5723e-01 6.9532e-02 2.1960e-01 1.1684e-01 3.2896e-01 4.8442e-02 1.2063e-01 2.2912e-01
4.3315e-01 2.3261e-01 3.5378e-01 2.4948e-01 1.7282e-01 1.0718e-01 0.0000e+00 1.0959e+00 3.0410e-01 3.0671e-01 6.9724e-02 4.0016e-02 1.0756e-01 2.3142e-01 1.6207e-02 2.3675e-03 7.7500e-02 1.3344e-01 9.5419e-02 3.4711e-01 6.8203e-01 7.5166e-02
4.0166e-01 1.3966e-01 4.4565e-01 2.6443e-01 2.1683e-01 4.9033e-02 1.0959e+00 0.0000e+00 4.1127e-01 4.1800e-01 9.9929e-02 5.3723e-02 1.5823e-01 3.0110e-01 1.0417e-02 9.2063e-03 9.8593e-02 2.1266e-01 1.0141e-01 4.7965e-01 7.3729e-01 1.0426e-01
1.2403e-01 4.0045e-02 1.0662e-01 1.3616e-01 6.1334e-02 8.9598e-03 3.0410e-01 4.1127e-01 0.0000e+00 9.0749e-01 8.8264e-02 1.1613e-01 1.6485e-01 2.4603e-01 2.3587e-02 1.9720e-02 7.0741e-02 2.4569e-01 1.9659e-01 1.4202e-01 1.6929e-01 1.7215e-01
1.2587e-01 1.2560e-01 3.7853e-01 3.2342e-01 2.2870e-01 5.7459e-02 3.0671e-01 4.1800e-01 9.0749e-01 0.0000e+00 3.7705e-01 4.1821e-01 6.4566e-01 6.3230e-01 1.1217e-01 1.4958e-01 3.8092e-01 3.2698e-01 1.1942e-01 2.6399e-01 1.9611e-01 1.8990e-01
5.3396e-02 1.4804e-01 4.6701e-01 2.1699e-01 3.7498e-01 5.1524e-02 6.9724e-02 9.9929e-02 8.8264e-02 3.7705e-01 0.0000e+00 8.2562e-01 7.3667e-01 4.2605e-01 4.5763e-01 6.7849e-01 6.1477e-01 1.8964e-01 4.5065e-02 2.2124e-01 7.9955e-02 1.4126e-01
4.3725e-02 1.1737e-01 2.7249e-01 1.6526e-01 4.3730e-01 5.2510e-02 4.0016e-02 5.3723e-02 1.1613e-01 4.1821e-01 8.2562e-01 0.0000e+00 6.8740e-01 4.5575e-01 5.7333e-01 9.8842e-01 6.2703e-01 2.3024e-01 5.0088e-02 1.0697e-01 3.1431e-02 1.2739e-01
1.0650e-01 2.6939e-01 5.7245e-01 3.6401e-01 5.0020e-01 1.3741e-01 1.0756e-01 1.5823e-01 1.6485e-01 6.4566e-01 7.3667e-01 6.8740e-01 0.0000e+00 7.3979e-01 5.3485e-01 5.3074e-01 1.2609e+00 3.0398e-01 7.3853e-02 2.5270e-01 9.8914e-02 1.4314e-01
1.1507e-01 2.1583e-01 4.8534e-01 2.9654e-01 8.2688e-01 9.1576e-02 2.3142e-01 3.0110e-01 2.4603e-01 6.3230e-01 4.2605e-01 4.5575e-01 7.3979e-01 0.0000e+00 3.9751e-01 2.8428e-01 6.1277e-01 7.0802e-01 8.4510e-02 2.3061e-01 1.5407e-01 1.2654e-01
4.8347e-02 2.1847e-01 3.2776e-01 1.8872e-01 8.2531e-01 1.5723e-01 1.6207e-02 1.0417e-02 2.3587e-02 1.1217e-01 4.5763e-01 5.7333e-01 5.3485e-01 3.9751e-01 0.0000e+00 7.9753e-01 7.2297e-01 2.3549e-01 2.7706e-02 7.0187e-02 3.5258e-02 3.2924e-02
2.0885e-02 1.0168e-01 2.2027e-01 1.2895e-01 4.1871e-01 6.9532e-02 2.3675e-03 9.2063e-03 1.9720e-02 1.4958e-01 6.7849e-01 9.8842e-01 5.3074e-01 2.8428e-01 7.9753e-01 0.0000e+00 6.4953e-01 1.6113e-01 2.5973e-02 1.0301e-01 1.2265e-02 7.7014e-02
1.3319e-01 3.5656e-01 5.4346e-01 3.3107e-01 5.4775e-01 2.1960e-01 7.7500e-02 9.8593e-02 7.0741e-02 3.8092e-01 6.1477e-01 6.2703e-01 1.2609e+00 6.1277e-01 7.2297e-01 6.4953e-01 0.0000e+00 2.8160e-01 5.5492e-02 1.6773e-01 8.1283e-02 1.3439e-01
2.0567e-01 1.4038e-01 2.3415e-01 1.2021e-01 3.6865e-01 1.1684e-01 1.3344e-01 2.1266e-01 2.4569e-01 3.2698e-01 1.8964e-01 2.3024e-01 3.0398e-01 7.0802e-01 2.3549e-01 1.6113e-01 2.8160e-01 0.0000e+00 4.8412e-01 1.0325e-01 5.3084e-02 3.0486e-01
3.4134e-01 1.7457e-01 1.0834e-01 7.8134e-02 4.2190e-02 3.2896e-01 9.5419e-02 1.0141e-01 1.9659e-01 1.1942e-01 4.5065e-02 5.0088e-02 7.3853e-02 8.4510e-02 2.7706e-02 2.5973e-02 5.5492e-02 4.8412e-01 0.0000e+00 3.5324e-02 5.3419e-02 7.1240e-01
1.2303e-01 2.0016e-01 4.5832e-01 5.7497e-01 2.0565e-01 4.8442e-02 3.4711e-01 4.7965e-01 1.4202e-01 2.6399e-01 2.2124e-01 1.0697e-01 2.5270e-01 2.3061e-01 7.0187e-02 1.0301e-01 1.6773e-01 1.0325e-01 3.5324e-02 0.0000e+00 6.4858e-01 4.4279e-02
3.3439e-01 2.5753e-01 3.2523e-01 4.0142e-01 1.4865e-01 1.2063e-01 6.8203e-01 7.3729e-01 1.6929e-01 1.9611e-01 7.9955e-02 3.1431e-02 9.8914e-02 1.5407e-01 3.5258e-02 1.2265e-02 8.1283e-02 5.3084e-02 5.3419e-02 6.4858e-01 0.0000e+00 7.2467e-02
2.0493e-01 1.5645e-01 8.5485e-02 7.9737e-02 4.2647e-02 2.2912e-01 7.5166e-02 1.0426e-01 1.7215e-01 1.8990e-01 1.4126e-01 1.2739e-01 1.4314e-01 1.2654e-01 3.2924e-02 7.7014e-02 1.3439e-01 3.0486e-01 7.1240e-01 4.4279e-02 7.2467e-02 0.0000e+00
