1.0000e+00    9.9378e-01    9.9679e-01    9.9382e-01    9.8730e-01    9.8430e-01    9.8275e-01    9.8983e-01    9.8874e-01    9.8652e-01    9.7977e-01    9.8715e-01    9.7951e-01    9.8620e-01    9.8930e-01    9.8038e-01    9.7264e-01
9.9378e-01    1.0000e+00    9.9626e-01    9.9425e-01    9.8675e-01    9.8424e-01    9.8914e-01    9.9401e-01    9.9040e-01    9.8570e-01    9.7708e-01    9.8788e-01    9.8296e-01    9.8877e-01    9.8802e-01    9.7881e-01    9.7125e-01
9.9679e-01    9.9626e-01    1.0000e+00    9.9355e-01    9.9097e-01    9.8928e-01    9.8651e-01    9.9386e-01    9.9399e-01    9.9044e-01    9.8430e-01    9.9161e-01    9.8347e-01    9.8872e-01    9.9242e-01    9.8516e-01    9.7993e-01
9.9382e-01    9.9425e-01    9.9355e-01    1.0000e+00    9.8128e-01    9.8068e-01    9.8538e-01    9.9152e-01    9.8704e-01    9.8016e-01    9.7172e-01    9.8483e-01    9.7858e-01    9.8345e-01    9.8374e-01    9.7435e-01    9.6897e-01
9.8730e-01    9.8675e-01    9.9097e-01    9.8128e-01    1.0000e+00    9.9051e-01    9.8266e-01    9.8810e-01    9.9434e-01    9.9463e-01    9.8918e-01    9.9299e-01    9.8721e-01    9.8728e-01    9.9046e-01    9.8997e-01    9.8204e-01
9.8430e-01    9.8424e-01    9.8928e-01    9.8068e-01    9.9051e-01    1.0000e+00    9.8284e-01    9.8834e-01    9.9397e-01    9.9323e-01    9.8766e-01    9.9183e-01    9.8488e-01    9.8420e-01    9.8934e-01    9.8719e-01    9.8317e-01
9.8275e-01    9.8914e-01    9.8651e-01    9.8538e-01    9.8266e-01    9.8284e-01    1.0000e+00    9.9402e-01    9.9093e-01    9.8716e-01    9.7841e-01    9.9104e-01    9.9119e-01    9.8990e-01    9.8262e-01    9.8009e-01    9.7514e-01
9.8983e-01    9.9401e-01    9.9386e-01    9.9152e-01    9.8810e-01    9.8834e-01    9.9402e-01    1.0000e+00    9.9568e-01    9.8925e-01    9.8113e-01    9.9280e-01    9.8761e-01    9.9329e-01    9.9100e-01    9.8342e-01    9.7847e-01
9.8874e-01    9.9040e-01    9.9399e-01    9.8704e-01    9.9434e-01    9.9397e-01    9.9093e-01    9.9568e-01    1.0000e+00    9.9615e-01    9.8950e-01    9.9618e-01    9.9067e-01    9.9273e-01    9.9369e-01    9.9078e-01    9.8612e-01
9.8652e-01    9.8570e-01    9.9044e-01    9.8016e-01    9.9463e-01    9.9323e-01    9.8716e-01    9.8925e-01    9.9615e-01    1.0000e+00    9.9473e-01    9.9514e-01    9.9170e-01    9.8913e-01    9.9259e-01    9.9323e-01    9.8754e-01
9.7977e-01    9.7708e-01    9.8430e-01    9.7172e-01    9.8918e-01    9.8766e-01    9.7841e-01    9.8113e-01    9.8950e-01    9.9473e-01    1.0000e+00    9.9356e-01    9.8948e-01    9.8323e-01    9.8638e-01    9.9671e-01    9.9385e-01
9.8715e-01    9.8788e-01    9.9161e-01    9.8483e-01    9.9299e-01    9.9183e-01    9.9104e-01    9.9280e-01    9.9618e-01    9.9514e-01    9.9356e-01    1.0000e+00    9.9512e-01    9.9114e-01    9.8890e-01    9.9364e-01    9.8988e-01
9.7951e-01    9.8296e-01    9.8347e-01    9.7858e-01    9.8721e-01    9.8488e-01    9.9119e-01    9.8761e-01    9.9067e-01    9.9170e-01    9.8948e-01    9.9512e-01    1.0000e+00    9.8921e-01    9.8121e-01    9.9007e-01    9.8425e-01
9.8620e-01    9.8877e-01    9.8872e-01    9.8345e-01    9.8728e-01    9.8420e-01    9.8990e-01    9.9329e-01    9.9273e-01    9.8913e-01    9.8323e-01    9.9114e-01    9.8921e-01    1.0000e+00    9.8972e-01    9.8694e-01    9.7736e-01
9.8930e-01    9.8802e-01    9.9242e-01    9.8374e-01    9.9046e-01    9.8934e-01    9.8262e-01    9.9100e-01    9.9369e-01    9.9259e-01    9.8638e-01    9.8890e-01    9.8121e-01    9.8972e-01    1.0000e+00    9.8603e-01    9.8027e-01
9.8038e-01    9.7881e-01    9.8516e-01    9.7435e-01    9.8997e-01    9.8719e-01    9.8009e-01    9.8342e-01    9.9078e-01    9.9323e-01    9.9671e-01    9.9364e-01    9.9007e-01    9.8694e-01    9.8603e-01    1.0000e+00    9.9423e-01
9.7264e-01    9.7125e-01    9.7993e-01    9.6897e-01    9.8204e-01    9.8317e-01    9.7514e-01    9.7847e-01    9.8612e-01    9.8754e-01    9.9385e-01    9.8988e-01    9.8425e-01    9.7736e-01    9.8027e-01    9.9423e-01    1.0000e+00
