1.0000e+00    9.9402e-01    9.9742e-01    9.8902e-01    9.9372e-01    9.8597e-01    9.8729e-01    9.9058e-01    9.9473e-01    9.9711e-01    9.9659e-01    9.9515e-01    9.9281e-01    9.9532e-01    9.9249e-01    9.9595e-01    9.9546e-01
9.9402e-01    1.0000e+00    9.9711e-01    9.9375e-01    9.9083e-01    9.9007e-01    9.9211e-01    9.9484e-01    9.9575e-01    9.9332e-01    9.9119e-01    9.9625e-01    9.9403e-01    9.9489e-01    9.9078e-01    9.9102e-01    9.9204e-01
9.9742e-01    9.9711e-01    1.0000e+00    9.9297e-01    9.9342e-01    9.9082e-01    9.9084e-01    9.9457e-01    9.9731e-01    9.9645e-01    9.9539e-01    9.9742e-01    9.9371e-01    9.9617e-01    9.9360e-01    9.9467e-01    9.9585e-01
9.8902e-01    9.9375e-01    9.9297e-01    1.0000e+00    9.8232e-01    9.9016e-01    9.9327e-01    9.9621e-01    9.9479e-01    9.8850e-01    9.8380e-01    9.9464e-01    9.9009e-01    9.9153e-01    9.9031e-01    9.8272e-01    9.8767e-01
9.9372e-01    9.9083e-01    9.9342e-01    9.8232e-01    1.0000e+00    9.8052e-01    9.7976e-01    9.8364e-01    9.9097e-01    9.9418e-01    9.9315e-01    9.9082e-01    9.9043e-01    9.9065e-01    9.8452e-01    9.9492e-01    9.9133e-01
9.8597e-01    9.9007e-01    9.9082e-01    9.9016e-01    9.8052e-01    1.0000e+00    9.8895e-01    9.9304e-01    9.9304e-01    9.8851e-01    9.8419e-01    9.9239e-01    9.8558e-01    9.9131e-01    9.9060e-01    9.8179e-01    9.8507e-01
9.8729e-01    9.9211e-01    9.9084e-01    9.9327e-01    9.7976e-01    9.8895e-01    1.0000e+00    9.9477e-01    9.9334e-01    9.8802e-01    9.8262e-01    9.9397e-01    9.9144e-01    9.9172e-01    9.8807e-01    9.8011e-01    9.8443e-01
9.9058e-01    9.9484e-01    9.9457e-01    9.9621e-01    9.8364e-01    9.9304e-01    9.9477e-01    1.0000e+00    9.9691e-01    9.9047e-01    9.8632e-01    9.9620e-01    9.9112e-01    9.9446e-01    9.9340e-01    9.8455e-01    9.8901e-01
9.9473e-01    9.9575e-01    9.9731e-01    9.9479e-01    9.9097e-01    9.9304e-01    9.9334e-01    9.9691e-01    1.0000e+00    9.9572e-01    9.9221e-01    9.9775e-01    9.9352e-01    9.9691e-01    9.9461e-01    9.9134e-01    9.9342e-01
9.9711e-01    9.9332e-01    9.9645e-01    9.8850e-01    9.9418e-01    9.8851e-01    9.8802e-01    9.9047e-01    9.9572e-01    1.0000e+00    9.9688e-01    9.9546e-01    9.9378e-01    9.9628e-01    9.9228e-01    9.9599e-01    9.9481e-01
9.9659e-01    9.9119e-01    9.9539e-01    9.8380e-01    9.9315e-01    9.8419e-01    9.8262e-01    9.8632e-01    9.9221e-01    9.9688e-01    1.0000e+00    9.9330e-01    9.9056e-01    9.9321e-01    9.8903e-01    9.9761e-01    9.9593e-01
9.9515e-01    9.9625e-01    9.9742e-01    9.9464e-01    9.9082e-01    9.9239e-01    9.9397e-01    9.9620e-01    9.9775e-01    9.9546e-01    9.9330e-01    1.0000e+00    9.9517e-01    9.9622e-01    9.9298e-01    9.9155e-01    9.9339e-01
9.9281e-01    9.9403e-01    9.9371e-01    9.9009e-01    9.9043e-01    9.8558e-01    9.9144e-01    9.9112e-01    9.9352e-01    9.9378e-01    9.9056e-01    9.9517e-01    1.0000e+00    9.9416e-01    9.8740e-01    9.9019e-01    9.8913e-01
9.9532e-01    9.9489e-01    9.9617e-01    9.9153e-01    9.9065e-01    9.9131e-01    9.9172e-01    9.9446e-01    9.9691e-01    9.9628e-01    9.9321e-01    9.9622e-01    9.9416e-01    1.0000e+00    9.9424e-01    9.9237e-01    9.9298e-01
9.9249e-01    9.9078e-01    9.9360e-01    9.9031e-01    9.8452e-01    9.9060e-01    9.8807e-01    9.9340e-01    9.9461e-01    9.9228e-01    9.8903e-01    9.9298e-01    9.8740e-01    9.9424e-01    1.0000e+00    9.8677e-01    9.8859e-01
9.9595e-01    9.9102e-01    9.9467e-01    9.8272e-01    9.9492e-01    9.8179e-01    9.8011e-01    9.8455e-01    9.9134e-01    9.9599e-01    9.9761e-01    9.9155e-01    9.9019e-01    9.9237e-01    9.8677e-01    1.0000e+00    9.9519e-01
9.9546e-01    9.9204e-01    9.9585e-01    9.8767e-01    9.9133e-01    9.8507e-01    9.8443e-01    9.8901e-01    9.9342e-01    9.9481e-01    9.9593e-01    9.9339e-01    9.8913e-01    9.9298e-01    9.8859e-01    9.9519e-01    1.0000e+00
