1.0000e+00    9.9472e-01    9.9769e-01    9.8965e-01    9.9420e-01    9.8661e-01    9.8809e-01    9.9123e-01    9.9506e-01    9.9725e-01    9.9699e-01    9.9546e-01    9.9364e-01    9.9580e-01    9.9229e-01    9.9657e-01    9.9558e-01
9.9472e-01    1.0000e+00    9.9716e-01    9.9367e-01    9.9092e-01    9.8961e-01    9.9246e-01    9.9475e-01    9.9547e-01    9.9351e-01    9.9235e-01    9.9608e-01    9.9410e-01    9.9503e-01    9.9116e-01    9.9214e-01    9.9275e-01
9.9769e-01    9.9716e-01    1.0000e+00    9.9341e-01    9.9349e-01    9.9088e-01    9.9128e-01    9.9489e-01    9.9731e-01    9.9660e-01    9.9618e-01    9.9755e-01    9.9405e-01    9.9633e-01    9.9355e-01    9.9536e-01    9.9628e-01
9.8965e-01    9.9367e-01    9.9341e-01    1.0000e+00    9.8289e-01    9.8928e-01    9.9283e-01    9.9611e-01    9.9471e-01    9.8886e-01    9.8579e-01    9.9473e-01    9.9004e-01    9.9188e-01    9.9090e-01    9.8473e-01    9.8881e-01
9.9420e-01    9.9092e-01    9.9349e-01    9.8289e-01    1.0000e+00    9.8049e-01    9.8059e-01    9.8408e-01    9.9107e-01    9.9428e-01    9.9338e-01    9.9055e-01    9.9080e-01    9.9115e-01    9.8502e-01    9.9497e-01    9.9093e-01
9.8661e-01    9.8961e-01    9.9088e-01    9.8928e-01    9.8049e-01    1.0000e+00    9.8910e-01    9.9295e-01    9.9270e-01    9.8846e-01    9.8554e-01    9.9277e-01    9.8576e-01    9.9087e-01    9.9029e-01    9.8268e-01    9.8602e-01
9.8809e-01    9.9246e-01    9.9128e-01    9.9283e-01    9.8059e-01    9.8910e-01    1.0000e+00    9.9496e-01    9.9321e-01    9.8865e-01    9.8467e-01    9.9444e-01    9.9173e-01    9.9212e-01    9.8837e-01    9.8204e-01    9.8570e-01
9.9123e-01    9.9475e-01    9.9489e-01    9.9611e-01    9.8408e-01    9.9295e-01    9.9496e-01    1.0000e+00    9.9691e-01    9.9093e-01    9.8813e-01    9.9650e-01    9.9128e-01    9.9464e-01    9.9331e-01    9.8612e-01    9.9008e-01
9.9506e-01    9.9547e-01    9.9731e-01    9.9471e-01    9.9107e-01    9.9270e-01    9.9321e-01    9.9691e-01    1.0000e+00    9.9590e-01    9.9330e-01    9.9783e-01    9.9389e-01    9.9682e-01    9.9447e-01    9.9227e-01    9.9391e-01
9.9725e-01    9.9351e-01    9.9660e-01    9.8886e-01    9.9428e-01    9.8846e-01    9.8865e-01    9.9093e-01    9.9590e-01    1.0000e+00    9.9716e-01    9.9565e-01    9.9441e-01    9.9658e-01    9.9234e-01    9.9614e-01    9.9449e-01
9.9699e-01    9.9235e-01    9.9618e-01    9.8579e-01    9.9338e-01    9.8554e-01    9.8467e-01    9.8813e-01    9.9330e-01    9.9716e-01    1.0000e+00    9.9430e-01    9.9194e-01    9.9416e-01    9.9000e-01    9.9765e-01    9.9601e-01
9.9546e-01    9.9608e-01    9.9755e-01    9.9473e-01    9.9055e-01    9.9277e-01    9.9444e-01    9.9650e-01    9.9783e-01    9.9565e-01    9.9430e-01    1.0000e+00    9.9525e-01    9.9639e-01    9.9319e-01    9.9239e-01    9.9387e-01
9.9364e-01    9.9410e-01    9.9405e-01    9.9004e-01    9.9080e-01    9.8576e-01    9.9173e-01    9.9128e-01    9.9389e-01    9.9441e-01    9.9194e-01    9.9525e-01    1.0000e+00    9.9444e-01    9.8757e-01    9.9142e-01    9.8997e-01
9.9580e-01    9.9503e-01    9.9633e-01    9.9188e-01    9.9115e-01    9.9087e-01    9.9212e-01    9.9464e-01    9.9682e-01    9.9658e-01    9.9416e-01    9.9639e-01    9.9444e-01    1.0000e+00    9.9409e-01    9.9326e-01    9.9333e-01
9.9229e-01    9.9116e-01    9.9355e-01    9.9090e-01    9.8502e-01    9.9029e-01    9.8837e-01    9.9331e-01    9.9447e-01    9.9234e-01    9.9000e-01    9.9319e-01    9.8757e-01    9.9409e-01    1.0000e+00    9.8791e-01    9.8919e-01
9.9657e-01    9.9214e-01    9.9536e-01    9.8473e-01    9.9497e-01    9.8268e-01    9.8204e-01    9.8612e-01    9.9227e-01    9.9614e-01    9.9765e-01    9.9239e-01    9.9142e-01    9.9326e-01    9.8791e-01    1.0000e+00    9.9520e-01
9.9558e-01    9.9275e-01    9.9628e-01    9.8881e-01    9.9093e-01    9.8602e-01    9.8570e-01    9.9008e-01    9.9391e-01    9.9449e-01    9.9601e-01    9.9387e-01    9.8997e-01    9.9333e-01    9.8919e-01    9.9520e-01    1.0000e+00
