1.0000e+00    9.9252e-01    9.9566e-01    9.9303e-01    9.8237e-01    9.7924e-01    9.7840e-01    9.8667e-01    9.8425e-01    9.8040e-01    9.6971e-01    9.8117e-01    9.7257e-01    9.8114e-01    9.8660e-01    9.7024e-01    9.5886e-01
9.9252e-01    1.0000e+00    9.9606e-01    9.9289e-01    9.8313e-01    9.7943e-01    9.8715e-01    9.9293e-01    9.8754e-01    9.8058e-01    9.6725e-01    9.8303e-01    9.7703e-01    9.8535e-01    9.8613e-01    9.6947e-01    9.5898e-01
9.9566e-01    9.9606e-01    1.0000e+00    9.9170e-01    9.8855e-01    9.8654e-01    9.8490e-01    9.9301e-01    9.9251e-01    9.8762e-01    9.7772e-01    9.8845e-01    9.7983e-01    9.8585e-01    9.9192e-01    9.7872e-01    9.7050e-01
9.9303e-01    9.9289e-01    9.9170e-01    1.0000e+00    9.7455e-01    9.7323e-01    9.8174e-01    9.8860e-01    9.8160e-01    9.7239e-01    9.5925e-01    9.7762e-01    9.7035e-01    9.7837e-01    9.7977e-01    9.6278e-01    9.5424e-01
9.8237e-01    9.8313e-01    9.8855e-01    9.7455e-01    1.0000e+00    9.8992e-01    9.8089e-01    9.8609e-01    9.9416e-01    9.9458e-01    9.8659e-01    9.9213e-01    9.8595e-01    9.8486e-01    9.9068e-01    9.8680e-01    9.7675e-01
9.7924e-01    9.7943e-01    9.8654e-01    9.7323e-01    9.8992e-01    1.0000e+00    9.7915e-01    9.8485e-01    9.9274e-01    9.9262e-01    9.8493e-01    9.9010e-01    9.8256e-01    9.7920e-01    9.8878e-01    9.8443e-01    9.7912e-01
9.7840e-01    9.8715e-01    9.8490e-01    9.8174e-01    9.8089e-01    9.7915e-01    1.0000e+00    9.9387e-01    9.9021e-01    9.8420e-01    9.7163e-01    9.8896e-01    9.8815e-01    9.8796e-01    9.8138e-01    9.7454e-01    9.6752e-01
9.8667e-01    9.9293e-01    9.9301e-01    9.8860e-01    9.8609e-01    9.8485e-01    9.9387e-01    1.0000e+00    9.9478e-01    9.8620e-01    9.7481e-01    9.9086e-01    9.8501e-01    9.9199e-01    9.8940e-01    9.7829e-01    9.7070e-01
9.8425e-01    9.8754e-01    9.9251e-01    9.8160e-01    9.9416e-01    9.9274e-01    9.9021e-01    9.9478e-01    1.0000e+00    9.9552e-01    9.8629e-01    9.9556e-01    9.8971e-01    9.9057e-01    9.9337e-01    9.8791e-01    9.8131e-01
9.8040e-01    9.8058e-01    9.8762e-01    9.7239e-01    9.9458e-01    9.9262e-01    9.8420e-01    9.8620e-01    9.9552e-01    1.0000e+00    9.9334e-01    9.9430e-01    9.9049e-01    9.8438e-01    9.9226e-01    9.9104e-01    9.8476e-01
9.6971e-01    9.6725e-01    9.7772e-01    9.5925e-01    9.8659e-01    9.8493e-01    9.7163e-01    9.7481e-01    9.8629e-01    9.9334e-01    1.0000e+00    9.9215e-01    9.8824e-01    9.7649e-01    9.8301e-01    9.9601e-01    9.9309e-01
9.8117e-01    9.8303e-01    9.8845e-01    9.7762e-01    9.9213e-01    9.9010e-01    9.8896e-01    9.9086e-01    9.9556e-01    9.9430e-01    9.9215e-01    1.0000e+00    9.9513e-01    9.8907e-01    9.8799e-01    9.9253e-01    9.8714e-01
9.7257e-01    9.7703e-01    9.7983e-01    9.7035e-01    9.8595e-01    9.8256e-01    9.8815e-01    9.8501e-01    9.8971e-01    9.9049e-01    9.8824e-01    9.9513e-01    1.0000e+00    9.8687e-01    9.7975e-01    9.8921e-01    9.8251e-01
9.8114e-01    9.8535e-01    9.8585e-01    9.7837e-01    9.8486e-01    9.7920e-01    9.8796e-01    9.9199e-01    9.9057e-01    9.8438e-01    9.7649e-01    9.8907e-01    9.8687e-01    1.0000e+00    9.8689e-01    9.8243e-01    9.6907e-01
9.8660e-01    9.8613e-01    9.9192e-01    9.7977e-01    9.9068e-01    9.8878e-01    9.8138e-01    9.8940e-01    9.9337e-01    9.9226e-01    9.8301e-01    9.8799e-01    9.7975e-01    9.8689e-01    1.0000e+00    9.8200e-01    9.7390e-01
9.7024e-01    9.6947e-01    9.7872e-01    9.6278e-01    9.8680e-01    9.8443e-01    9.7454e-01    9.7829e-01    9.8791e-01    9.9104e-01    9.9601e-01    9.9253e-01    9.8921e-01    9.8243e-01    9.8200e-01    1.0000e+00    9.9311e-01
9.5886e-01    9.5898e-01    9.7050e-01    9.5424e-01    9.7675e-01    9.7912e-01    9.6752e-01    9.7070e-01    9.8131e-01    9.8476e-01    9.9309e-01    9.8714e-01    9.8251e-01    9.6907e-01    9.7390e-01    9.9311e-01    1.0000e+00
