0.0000e+00 5.4216e-01 4.0809e-01 2.2088e-01 5.6375e-01 3.6409e-01 5.1145e-01 6.7200e-01 2.6637e-01 2.4280e-01 2.1436e-01 4.3010e-01
5.4216e-01 0.0000e+00 6.0043e-01 4.3767e-01 4.0588e-01 3.3408e-01 3.7133e-01 3.8058e-01 3.6440e-01 3.2245e-01 4.6239e-01 4.7888e-01
4.0809e-01 6.0043e-01 0.0000e+00 6.2169e-01 5.4409e-01 3.7331e-01 3.2857e-01 3.4463e-01 3.6377e-01 3.8461e-01 5.4807e-01 5.8640e-01
2.2088e-01 4.3767e-01 6.2169e-01 0.0000e+00 4.9886e-01 3.1406e-01 2.8319e-01 2.7864e-01 3.3220e-01 3.4931e-01 4.9255e-01 4.3669e-01
5.6375e-01 4.0588e-01 5.4409e-01 4.9886e-01 0.0000e+00 4.6719e-01 4.1450e-01 5.1812e-01 2.4256e-01 2.7756e-01 3.4043e-01 5.7945e-01
3.6409e-01 3.3408e-01 3.7331e-01 3.1406e-01 4.6719e-01 0.0000e+00 3.3804e-01 3.9162e-01 2.9190e-01 3.5632e-01 3.7503e-01 4.9270e-01
5.1145e-01 3.7133e-01 3.2857e-01 2.8319e-01 4.1450e-01 3.3804e-01 0.0000e+00 6.9779e-01 5.6533e-01 3.6278e-01 3.2928e-01 4.6174e-01
6.7200e-01 3.8058e-01 3.4463e-01 2.7864e-01 5.1812e-01 3.9162e-01 6.9779e-01 0.0000e+00 4.0587e-01 3.2380e-01 2.5899e-01 4.6234e-01
2.6637e-01 3.6440e-01 3.6377e-01 3.3220e-01 2.4256e-01 2.9190e-01 5.6533e-01 4.0587e-01 0.0000e+00 6.5071e-01 4.6582e-01 4.4597e-01
2.4280e-01 3.2245e-01 3.8461e-01 3.4931e-01 2.7756e-01 3.5632e-01 3.6278e-01 3.2380e-01 6.5071e-01 0.0000e+00 4.7976e-01 4.6673e-01
2.1436e-01 4.6239e-01 5.4807e-01 4.9255e-01 3.4043e-01 3.7503e-01 3.2928e-01 2.5899e-01 4.6582e-01 4.7976e-01 0.0000e+00 6.7356e-01
4.3010e-01 4.7888e-01 5.8640e-01 4.3669e-01 5.7945e-01 4.9270e-01 4.6174e-01 4.6234e-01 4.4597e-01 4.6673e-01 6.7356e-01 0.0000e+00
