0.0000e+00 7.4619e-01 3.7597e-01 3.1118e-01 7.2607e-01 6.9200e-01 9.0390e-01 1.1193e+00 4.1271e-01 4.5688e-01 3.2603e-01 4.0029e-01
7.4619e-01 0.0000e+00 8.0023e-01 5.8371e-01 6.2511e-01 5.2830e-01 5.1871e-01 4.7865e-01 4.5106e-01 5.1983e-01 4.8426e-01 5.0844e-01
3.7597e-01 8.0023e-01 0.0000e+00 1.0348e+00 7.1028e-01 5.1324e-01 2.7707e-01 2.8161e-01 2.5653e-01 4.1996e-01 6.6134e-01 7.2991e-01
3.1118e-01 5.8371e-01 1.0348e+00 0.0000e+00 6.8516e-01 5.0649e-01 3.3313e-01 2.9565e-01 2.7208e-01 4.5041e-01 6.7552e-01 7.7849e-01
7.2607e-01 6.2511e-01 7.1028e-01 6.8516e-01 0.0000e+00 7.9753e-01 5.8871e-01 7.1644e-01 2.7905e-01 3.6850e-01 5.1420e-01 7.4199e-01
6.9200e-01 5.2830e-01 5.1324e-01 5.0649e-01 7.9753e-01 0.0000e+00 6.6745e-01 7.1209e-01 4.2251e-01 5.5213e-01 5.8879e-01 6.3919e-01
9.0390e-01 5.1871e-01 2.7707e-01 3.3313e-01 5.8871e-01 6.6745e-01 0.0000e+00 1.1763e+00 8.3891e-01 6.3674e-01 4.9420e-01 5.4015e-01
1.1193e+00 4.7865e-01 2.8161e-01 2.9565e-01 7.1644e-01 7.1209e-01 1.1763e+00 0.0000e+00 4.8017e-01 5.1925e-01 3.6736e-01 4.3896e-01
4.1271e-01 4.5106e-01 2.5653e-01 2.7208e-01 2.7905e-01 4.2251e-01 8.3891e-01 4.8017e-01 0.0000e+00 1.1200e+00 6.0643e-01 4.7524e-01
4.5688e-01 5.1983e-01 4.1996e-01 4.5041e-01 3.6850e-01 5.5213e-01 6.3674e-01 5.1925e-01 1.1200e+00 0.0000e+00 7.4042e-01 5.5167e-01
3.2603e-01 4.8426e-01 6.6134e-01 6.7552e-01 5.1420e-01 5.8879e-01 4.9420e-01 3.6736e-01 6.0643e-01 7.4042e-01 0.0000e+00 1.0649e+00
4.0029e-01 5.0844e-01 7.2991e-01 7.7849e-01 7.4199e-01 6.3919e-01 5.4015e-01 4.3896e-01 4.7524e-01 5.5167e-01 1.0649e+00 0.0000e+00
