0.0000e+00 1.5460e-01 4.2553e-01 3.4161e-01 2.4497e-01 3.7124e-01 4.0809e-01 -2.1731e-01 2.2568e-01 -2.7811e-02 -9.8332e-02 2.1161e-01 2.0794e-01 3.5151e-01 1.0864e-01 4.1621e-01 -5.5839e-02 -2.5423e-01 4.9077e-01 2.2736e-01 -1.8077e-01
1.5460e-01 0.0000e+00 4.3125e-01 1.7523e-01 4.6103e-01 1.2230e-01 2.0731e-01 2.4115e-02 8.2956e-02 2.9415e-01 4.5338e-02 -1.9340e-02 8.2078e-03 1.7615e-01 1.6356e-01 1.7129e-01 1.5093e-01 2.1787e-01 1.4064e-01 1.7488e-01 -6.0683e-02
4.2553e-01 4.3125e-01 0.0000e+00 4.3722e-01 4.2439e-01 4.6927e-01 5.4996e-02 -7.0530e-02 3.2954e-01 3.8277e-01 1.8360e-01 2.4980e-01 2.1226e-01 4.9234e-01 4.3078e-01 3.9992e-01 2.4103e-01 -3.6394e-02 3.9935e-01 3.8798e-01 -2.3868e-01
3.4161e-01 1.7523e-01 4.3722e-01 0.0000e+00 1.6307e-01 2.6731e-01 1.1763e-01 -5.8065e-02 2.9494e-01 1.0290e-01 3.2804e-02 2.0274e-01 1.3430e-01 2.6664e-01 1.7070e-01 3.1960e-01 1.0377e-01 -5.2004e-02 1.9617e-01 9.2102e-02 -1.4772e-01
2.4497e-01 4.6103e-01 4.2439e-01 1.6307e-01 0.0000e+00 2.4202e-01 8.2657e-02 -1.2310e-02 1.2382e-01 2.2630e-01 1.1971e-01 1.0595e-01 1.0069e-01 2.9430e-01 2.7710e-01 2.2953e-01 1.5165e-01 3.7557e-02 3.3820e-01 4.4530e-01 -1.2902e-01
3.7124e-01 1.2230e-01 4.6927e-01 2.6731e-01 2.4202e-01 0.0000e+00 1.5251e-01 -1.1717e-01 3.0384e-01 1.8416e-01 1.9580e-01 2.5521e-01 2.8590e-01 4.5226e-01 5.5197e-01 4.3419e-01 2.7713e-01 -1.3819e-01 2.9126e-01 1.9904e-01 -1.4572e-01
4.0809e-01 2.0731e-01 5.4996e-02 1.1763e-01 8.2657e-02 1.5251e-01 0.0000e+00 -1.8320e-01 3.7193e-02 -1.3046e-01 -1.7235e-01 4.8816e-02 1.8294e-01 1.3019e-01 -6.9135e-02 2.6665e-01 -1.0946e-01 -8.5359e-02 1.0118e-01 -1.0525e-01 4.9354e-02
-2.1731e-01 2.4115e-02 -7.0530e-02 -5.8065e-02 -1.2310e-02 -1.1717e-01 -1.8320e-01 0.0000e+00 -2.9345e-02 8.7173e-03 1.4706e-01 2.1042e-02 -2.7259e-02 -5.0725e-02 4.7439e-02 -9.2391e-02 2.3279e-01 5.9943e-01 -1.2778e-01 -7.0943e-02 5.9007e-02
2.2568e-01 8.2956e-02 3.2954e-01 2.9494e-01 1.2382e-01 3.0384e-01 3.7193e-02 -2.9345e-02 0.0000e+00 4.0894e-01 1.2158e-01 2.2927e-01 1.5498e-01 2.5419e-01 2.1982e-01 1.7540e-01 1.1262e-01 -9.2559e-02 1.6321e-01 1.2236e-01 -1.3160e-01
-2.7811e-02 2.9415e-01 3.8277e-01 1.0290e-01 2.2630e-01 1.8416e-01 -1.3046e-01 8.7173e-03 4.0894e-01 0.0000e+00 1.7128e-01 4.5954e-02 8.0901e-03 1.5320e-01 2.4220e-01 6.8488e-02 2.0199e-01 6.0352e-02 1.0215e-01 2.1059e-01 -7.2978e-02
-9.8332e-02 4.5338e-02 1.8360e-01 3.2804e-02 1.1971e-01 1.9580e-01 -1.7235e-01 1.4706e-01 1.2158e-01 1.7128e-01 0.0000e+00 2.6743e-01 4.0225e-01 4.0494e-01 5.4060e-01 1.8139e-01 2.5776e-01 9.7932e-02 -4.5072e-02 9.5167e-02 -2.1524e-01
2.1161e-01 -1.9340e-02 2.4980e-01 2.0274e-01 1.0595e-01 2.5521e-01 4.8816e-02 2.1042e-02 2.2927e-01 4.5954e-02 2.6743e-01 0.0000e+00 4.4772e-01 4.2502e-01 2.8647e-01 3.0211e-01 1.0395e-01 -3.3627e-02 1.4208e-01 1.2915e-01 -1.3643e-01
2.0794e-01 8.2078e-03 2.1226e-01 1.3430e-01 1.0069e-01 2.8590e-01 1.8294e-01 -2.7259e-02 1.5498e-01 8.0901e-03 4.0225e-01 4.4772e-01 0.0000e+00 4.6723e-01 3.4562e-01 3.3357e-01 1.2802e-01 -8.0250e-02 1.0435e-01 7.2202e-02 -1.4716e-01
3.5151e-01 1.7615e-01 4.9234e-01 2.6664e-01 2.9430e-01 4.5226e-01 1.3019e-01 -5.0725e-02 2.5419e-01 1.5320e-01 4.0494e-01 4.2502e-01 4.6723e-01 0.0000e+00 5.2780e-01 6.7503e-01 1.7064e-01 -7.7810e-02 2.8557e-01 2.7421e-01 -2.3361e-01
1.0864e-01 1.6356e-01 4.3078e-01 1.7070e-01 2.7710e-01 5.5197e-01 -6.9135e-02 4.7439e-02 2.1982e-01 2.4220e-01 5.4060e-01 2.8647e-01 3.4562e-01 5.2780e-01 0.0000e+00 3.5408e-01 5.0497e-01 3.2644e-02 1.3807e-01 2.2708e-01 -1.9534e-01
4.1621e-01 1.7129e-01 3.9992e-01 3.1960e-01 2.2953e-01 4.3419e-01 2.6665e-01 -9.2391e-02 1.7540e-01 6.8488e-02 1.8139e-01 3.0211e-01 3.3357e-01 6.7503e-01 3.5408e-01 0.0000e+00 1.6106e-01 -7.8392e-02 2.6963e-01 1.4336e-01 -2.0435e-01
-5.5839e-02 1.5093e-01 2.4103e-01 1.0377e-01 1.5165e-01 2.7713e-01 -1.0946e-01 2.3279e-01 1.1262e-01 2.0199e-01 2.5776e-01 1.0395e-01 1.2802e-01 1.7064e-01 5.0497e-01 1.6106e-01 0.0000e+00 3.3967e-01 -1.5494e-02 3.6438e-02 -7.7064e-04
-2.5423e-01 2.1787e-01 -3.6394e-02 -5.2004e-02 3.7557e-02 -1.3819e-01 -8.5359e-02 5.9943e-01 -9.2559e-02 6.0352e-02 9.7932e-02 -3.3627e-02 -8.0250e-02 -7.7810e-02 3.2644e-02 -7.8392e-02 3.3967e-01 0.0000e+00 -1.6238e-01 -1.0146e-01 1.6628e-01
4.9077e-01 1.4064e-01 3.9935e-01 1.9617e-01 3.3820e-01 2.9126e-01 1.0118e-01 -1.2778e-01 1.6321e-01 1.0215e-01 -4.5072e-02 1.4208e-01 1.0435e-01 2.8557e-01 1.3807e-01 2.6963e-01 -1.5494e-02 -1.6238e-01 0.0000e+00 5.2438e-01 -1.0370e-01
2.2736e-01 1.7488e-01 3.8798e-01 9.2102e-02 4.4530e-01 1.9904e-01 -1.0525e-01 -7.0943e-02 1.2236e-01 2.1059e-01 9.5167e-02 1.2915e-01 7.2202e-02 2.7421e-01 2.2708e-01 1.4336e-01 3.6438e-02 -1.0146e-01 5.2438e-01 0.0000e+00 -1.2791e-01
-1.8077e-01 -6.0683e-02 -2.3868e-01 -1.4772e-01 -1.2902e-01 -1.4572e-01 4.9354e-02 5.9007e-02 -1.3160e-01 -7.2978e-02 -2.1524e-01 -1.3643e-01 -1.4716e-01 -2.3361e-01 -1.9534e-01 -2.0435e-01 -7.7064e-04 1.6628e-01 -1.0370e-01 -1.2791e-01 0.0000e+00
