0.0000e+00 1.5441e-01 4.1873e-01 7.0520e-01 2.6445e-01 4.0125e-01 3.7597e-01 2.2905e-02 2.5824e-01 2.9906e-02 1.2166e-01 5.5719e-01 4.2983e-01 5.0620e-01 2.1593e-01 5.6583e-01 1.0348e-01 9.2701e-03 6.4007e-01 2.8638e-01 1.2515e-02
1.5441e-01 0.0000e+00 5.9802e-01 2.7321e-01 6.1907e-01 2.1454e-01 4.1558e-01 2.4093e-02 1.2573e-01 2.3261e-01 1.2560e-01 1.4804e-01 1.1737e-01 2.6939e-01 2.1583e-01 3.5656e-01 1.4038e-01 1.7457e-01 2.3417e-01 2.0016e-01 1.1049e-01
4.1873e-01 5.9802e-01 0.0000e+00 7.9408e-01 5.3058e-01 4.6741e-01 1.2451e-01 1.5138e-02 3.9876e-01 3.5378e-01 3.7853e-01 4.6701e-01 2.7249e-01 5.7245e-01 4.8534e-01 5.4346e-01 2.3415e-01 1.0834e-01 4.5734e-01 4.5832e-01 2.4594e-02
7.0520e-01 2.7321e-01 7.9408e-01 0.0000e+00 2.6264e-01 3.7881e-01 2.0934e-01 2.9999e-02 4.1510e-01 8.9326e-02 2.5082e-01 7.6615e-01 4.3652e-01 5.7341e-01 3.2385e-01 6.4873e-01 1.4689e-01 4.9270e-02 3.8448e-01 2.4734e-01 6.2136e-03
2.6445e-01 6.1907e-01 5.3058e-01 2.6264e-01 0.0000e+00 2.4954e-01 1.8213e-01 2.8026e-02 1.6733e-01 2.4948e-01 3.2342e-01 2.1699e-01 1.6526e-01 3.6401e-01 2.9654e-01 3.3107e-01 1.2021e-01 7.8134e-02 4.4866e-01 5.7497e-01 5.6034e-02
4.0125e-01 2.1454e-01 4.6741e-01 3.7881e-01 2.4954e-01 0.0000e+00 2.4821e-01 2.9252e-02 2.5956e-01 1.7282e-01 2.2870e-01 3.7498e-01 4.3730e-01 5.0020e-01 8.2688e-01 5.4775e-01 3.6865e-01 4.2190e-02 3.7990e-01 2.0565e-01 9.6366e-02
3.7597e-01 4.1558e-01 1.2451e-01 2.0934e-01 1.8213e-01 2.4821e-01 0.0000e+00 1.9128e-02 2.6336e-02 1.7761e-02 3.1687e-02 1.3518e-01 2.9601e-01 2.3422e-01 1.4136e-01 4.3833e-01 9.4610e-02 7.3492e-02 1.2409e-01 3.2826e-02 1.1662e-01
2.2905e-02 2.4093e-02 1.5138e-02 2.9999e-02 2.8026e-02 2.9252e-02 1.9128e-02 0.0000e+00 4.5903e-02 6.6198e-02 1.5595e-01 6.0888e-02 4.8250e-02 8.3428e-02 7.3436e-02 3.7751e-02 3.6431e-01 8.6919e-01 1.7644e-03 5.3722e-02 1.6645e-01
2.5824e-01 1.2573e-01 3.9876e-01 4.1510e-01 1.6733e-01 2.5956e-01 2.6336e-02 4.5903e-02 0.0000e+00 6.4699e-01 2.4437e-01 3.5838e-01 1.9265e-01 2.3959e-01 2.3246e-01 1.8433e-01 9.5075e-02 3.3761e-02 3.2858e-01 3.0158e-01 2.1897e-02
2.9906e-02 2.3261e-01 3.5378e-01 8.9326e-02 2.4948e-01 1.7282e-01 1.7761e-02 6.6198e-02 6.4699e-01 0.0000e+00 3.0671e-01 6.9724e-02 4.0016e-02 1.0756e-01 2.3142e-01 7.7500e-02 1.3344e-01 9.5419e-02 2.1005e-01 3.4711e-01 1.0069e-01
1.2166e-01 1.2560e-01 3.7853e-01 2.5082e-01 3.2342e-01 2.2870e-01 3.1687e-02 1.5595e-01 2.4437e-01 3.0671e-01 0.0000e+00 3.7705e-01 4.1821e-01 6.4566e-01 6.3230e-01 3.8092e-01 3.2698e-01 1.1942e-01 1.6081e-01 2.6399e-01 4.4426e-03
5.5719e-01 1.4804e-01 4.6701e-01 7.6615e-01 2.1699e-01 3.7498e-01 1.3518e-01 6.0888e-02 3.5838e-01 6.9724e-02 3.7705e-01 0.0000e+00 8.2562e-01 7.3667e-01 4.2605e-01 6.1477e-01 1.8964e-01 4.5065e-02 3.0176e-01 2.2124e-01 3.7067e-03
4.2983e-01 1.1737e-01 2.7249e-01 4.3652e-01 1.6526e-01 4.3730e-01 2.9601e-01 4.8250e-02 1.9265e-01 4.0016e-02 4.1821e-01 8.2562e-01 0.0000e+00 6.8740e-01 4.5575e-01 6.2703e-01 2.3024e-01 5.0088e-02 2.0205e-01 1.0697e-01 2.6992e-02
5.0620e-01 2.6939e-01 5.7245e-01 5.7341e-01 3.6401e-01 5.0020e-01 2.3422e-01 8.3428e-02 2.3959e-01 1.0756e-01 6.4566e-01 7.3667e-01 6.8740e-01 0.0000e+00 7.3979e-01 1.2609e+00 3.0398e-01 7.3853e-02 3.3368e-01 2.5270e-01 2.1846e-02
2.1593e-01 2.1583e-01 4.8534e-01 3.2385e-01 2.9654e-01 8.2688e-01 1.4136e-01 7.3436e-02 2.3246e-01 2.3142e-01 6.3230e-01 4.2605e-01 4.5575e-01 7.3979e-01 0.0000e+00 6.1277e-01 7.0802e-01 8.4510e-02 2.1765e-01 2.3061e-01 8.4558e-02
5.6583e-01 3.5656e-01 5.4346e-01 6.4873e-01 3.3107e-01 5.4775e-01 4.3833e-01 3.7751e-02 1.8433e-01 7.7500e-02 3.8092e-01 6.1477e-01 6.2703e-01 1.2609e+00 6.1277e-01 0.0000e+00 2.8160e-01 5.5492e-02 3.2203e-01 1.6773e-01 2.3198e-02
1.0348e-01 1.4038e-01 2.3415e-01 1.4689e-01 1.2021e-01 3.6865e-01 9.4610e-02 3.6431e-01 9.5075e-02 1.3344e-01 3.2698e-01 1.8964e-01 2.3024e-01 3.0398e-01 7.0802e-01 2.8160e-01 0.0000e+00 4.8412e-01 9.0065e-02 1.0325e-01 2.5226e-01
9.2701e-03 1.7457e-01 1.0834e-01 4.9270e-02 7.8134e-02 4.2190e-02 7.3492e-02 8.6919e-01 3.3761e-02 9.5419e-02 1.1942e-01 4.5065e-02 5.0088e-02 7.3853e-02 8.4510e-02 5.5492e-02 4.8412e-01 0.0000e+00 1.1094e-02 3.5324e-02 3.3997e-01
6.4007e-01 2.3417e-01 4.5734e-01 3.8448e-01 4.4866e-01 3.7990e-01 1.2409e-01 1.7644e-03 3.2858e-01 2.1005e-01 1.6081e-01 3.0176e-01 2.0205e-01 3.3368e-01 2.1765e-01 3.2203e-01 9.0065e-02 1.1094e-02 0.0000e+00 7.3198e-01 7.6427e-02
2.8638e-01 2.0016e-01 4.5832e-01 2.4734e-01 5.7497e-01 2.0565e-01 3.2826e-02 5.3722e-02 3.0158e-01 3.4711e-01 2.6399e-01 2.2124e-01 1.0697e-01 2.5270e-01 2.3061e-01 1.6773e-01 1.0325e-01 3.5324e-02 7.3198e-01 0.0000e+00 5.8879e-02
1.2515e-02 1.1049e-01 2.4594e-02 6.2136e-03 5.6034e-02 9.6366e-02 1.1662e-01 1.6645e-01 2.1897e-02 1.0069e-01 4.4426e-03 3.7067e-03 2.6992e-02 2.1846e-02 8.4558e-02 2.3198e-02 2.5226e-01 3.3997e-01 7.6427e-02 5.8879e-02 0.0000e+00
