1.0000e+00    9.7840e-01    9.8117e-01    9.8533e-01    9.7797e-01    9.8363e-01    9.8660e-01    9.6824e-01    9.4691e-01    9.6870e-01    9.6037e-01    9.7780e-01    9.2106e-01    9.6202e-01    8.9207e-01    9.1196e-01    9.3892e-01    9.7024e-01    9.5886e-01
9.7840e-01    1.0000e+00    9.8896e-01    9.8678e-01    9.7335e-01    9.8684e-01    9.8138e-01    9.6148e-01    9.4283e-01    9.8392e-01    9.6824e-01    9.8097e-01    9.3844e-01    9.6520e-01    9.0975e-01    9.1146e-01    9.3838e-01    9.7454e-01    9.6752e-01
9.8117e-01    9.8896e-01    1.0000e+00    9.9384e-01    9.8261e-01    9.9190e-01    9.8799e-01    9.7928e-01    9.5178e-01    9.8999e-01    9.8724e-01    9.9450e-01    9.6121e-01    9.7378e-01    9.3491e-01    9.0534e-01    9.3809e-01    9.9253e-01    9.8714e-01
9.8533e-01    9.8678e-01    9.9384e-01    1.0000e+00    9.8101e-01    9.9352e-01    9.9459e-01    9.8222e-01    9.4887e-01    9.8556e-01    9.7958e-01    9.9117e-01    9.4718e-01    9.7125e-01    9.1959e-01    9.0638e-01    9.3748e-01    9.8866e-01    9.8071e-01
9.7797e-01    9.7335e-01    9.8261e-01    9.8101e-01    1.0000e+00    9.8123e-01    9.7839e-01    9.6277e-01    9.7541e-01    9.7842e-01    9.7374e-01    9.7509e-01    9.4045e-01    9.8107e-01    9.1487e-01    9.3986e-01    9.6383e-01    9.7826e-01    9.6482e-01
9.8363e-01    9.8684e-01    9.9190e-01    9.9352e-01    9.8123e-01    1.0000e+00    9.9457e-01    9.8410e-01    9.4832e-01    9.8748e-01    9.7877e-01    9.8997e-01    9.5226e-01    9.6679e-01    9.2161e-01    9.0496e-01    9.3500e-01    9.8597e-01    9.7701e-01
9.8660e-01    9.8138e-01    9.8799e-01    9.9459e-01    9.7839e-01    9.9457e-01    1.0000e+00    9.8558e-01    9.4457e-01    9.8033e-01    9.7270e-01    9.8813e-01    9.3867e-01    9.6306e-01    9.1193e-01    8.9887e-01    9.3117e-01    9.8200e-01    9.7390e-01
9.6824e-01    9.6148e-01    9.7928e-01    9.8222e-01    9.6277e-01    9.8410e-01    9.8558e-01    1.0000e+00    9.2439e-01    9.6834e-01    9.7545e-01    9.8645e-01    9.4971e-01    9.4556e-01    9.2460e-01    8.6007e-01    8.9958e-01    9.8230e-01    9.7849e-01
9.4691e-01    9.4283e-01    9.5178e-01    9.4887e-01    9.7541e-01    9.4832e-01    9.4457e-01    9.2439e-01    1.0000e+00    9.4785e-01    9.5290e-01    9.4198e-01    9.2710e-01    9.7501e-01    9.2596e-01    9.6684e-01    9.8943e-01    9.5108e-01    9.3734e-01
9.6870e-01    9.8392e-01    9.8999e-01    9.8556e-01    9.7842e-01    9.8748e-01    9.8033e-01    9.6834e-01    9.4785e-01    1.0000e+00    9.8213e-01    9.8508e-01    9.6300e-01    9.6971e-01    9.3713e-01    9.0051e-01    9.3364e-01    9.8498e-01    9.8136e-01
9.6037e-01    9.6824e-01    9.8724e-01    9.7958e-01    9.7374e-01    9.7877e-01    9.7270e-01    9.7545e-01    9.5290e-01    9.8213e-01    1.0000e+00    9.8736e-01    9.8399e-01    9.7216e-01    9.6736e-01    8.8928e-01    9.2848e-01    9.9403e-01    9.9062e-01
9.7780e-01    9.8097e-01    9.9450e-01    9.9117e-01    9.7509e-01    9.8997e-01    9.8813e-01    9.8645e-01    9.4198e-01    9.8508e-01    9.8736e-01    1.0000e+00    9.6535e-01    9.6603e-01    9.4071e-01    8.8570e-01    9.2295e-01    9.9219e-01    9.9064e-01
9.2106e-01    9.3844e-01    9.6121e-01    9.4718e-01    9.4045e-01    9.5226e-01    9.3867e-01    9.4971e-01    9.2710e-01    9.6300e-01    9.8399e-01    9.6535e-01    1.0000e+00    9.4673e-01    9.7890e-01    8.5730e-01    8.9453e-01    9.7332e-01    9.7561e-01
9.6202e-01    9.6520e-01    9.7378e-01    9.7125e-01    9.8107e-01    9.6679e-01    9.6306e-01    9.4556e-01    9.7501e-01    9.6971e-01    9.7216e-01    9.6603e-01    9.4673e-01    1.0000e+00    9.3214e-01    9.4240e-01    9.6672e-01    9.7310e-01    9.6259e-01
8.9207e-01    9.0975e-01    9.3491e-01    9.1959e-01    9.1487e-01    9.2161e-01    9.1193e-01    9.2460e-01    9.2596e-01    9.3713e-01    9.6736e-01    9.4071e-01    9.7890e-01    9.3214e-01    1.0000e+00    8.3479e-01    8.8996e-01    9.5088e-01    9.5732e-01
9.1196e-01    9.1146e-01    9.0534e-01    9.0638e-01    9.3986e-01    9.0496e-01    8.9887e-01    8.6007e-01    9.6684e-01    9.0051e-01    8.8928e-01    8.8570e-01    8.5730e-01    9.4240e-01    8.3479e-01    1.0000e+00    9.8503e-01    8.9546e-01    8.7361e-01
9.3892e-01    9.3838e-01    9.3809e-01    9.3748e-01    9.6383e-01    9.3500e-01    9.3117e-01    8.9958e-01    9.8943e-01    9.3364e-01    9.2848e-01    9.2295e-01    8.9453e-01    9.6672e-01    8.8996e-01    9.8503e-01    1.0000e+00    9.3231e-01    9.1574e-01
9.7024e-01    9.7454e-01    9.9253e-01    9.8866e-01    9.7826e-01    9.8597e-01    9.8200e-01    9.8230e-01    9.5108e-01    9.8498e-01    9.9403e-01    9.9219e-01    9.7332e-01    9.7310e-01    9.5088e-01    8.9546e-01    9.3231e-01    1.0000e+00    9.9311e-01
9.5886e-01    9.6752e-01    9.8714e-01    9.8071e-01    9.6482e-01    9.7701e-01    9.7390e-01    9.7849e-01    9.3734e-01    9.8136e-01    9.9062e-01    9.9064e-01    9.7561e-01    9.6259e-01    9.5732e-01    8.7361e-01    9.1574e-01    9.9311e-01    1.0000e+00
