1.0000e+00    9.8275e-01    9.8715e-01    9.8970e-01    9.8369e-01    9.8752e-01    9.8930e-01    9.7674e-01    9.6197e-01    9.7528e-01    9.7154e-01    9.8502e-01    9.4345e-01    9.7247e-01    9.2329e-01    9.3691e-01    9.5635e-01    9.8038e-01    9.7264e-01
9.8275e-01    1.0000e+00    9.9104e-01    9.8783e-01    9.7761e-01    9.8879e-01    9.8262e-01    9.6752e-01    9.5617e-01    9.8666e-01    9.7507e-01    9.8513e-01    9.5679e-01    9.7122e-01    9.3461e-01    9.3433e-01    9.5365e-01    9.8009e-01    9.7514e-01
9.8715e-01    9.9104e-01    1.0000e+00    9.9399e-01    9.8637e-01    9.9233e-01    9.8890e-01    9.8208e-01    9.6424e-01    9.8996e-01    9.8904e-01    9.9534e-01    9.7060e-01    9.7866e-01    9.5164e-01    9.3172e-01    9.5502e-01    9.9364e-01    9.8988e-01
9.8970e-01    9.8783e-01    9.9399e-01    1.0000e+00    9.8356e-01    9.9366e-01    9.9509e-01    9.8594e-01    9.6174e-01    9.8578e-01    9.8207e-01    9.9267e-01    9.5948e-01    9.7593e-01    9.4055e-01    9.3184e-01    9.5421e-01    9.9080e-01    9.8503e-01
9.8369e-01    9.7761e-01    9.8637e-01    9.8356e-01    1.0000e+00    9.8461e-01    9.8154e-01    9.6929e-01    9.8151e-01    9.8154e-01    9.8076e-01    9.8138e-01    9.5654e-01    9.8530e-01    9.3896e-01    9.5565e-01    9.7340e-01    9.8379e-01    9.7478e-01
9.8752e-01    9.8879e-01    9.9233e-01    9.9366e-01    9.8461e-01    1.0000e+00    9.9392e-01    9.8488e-01    9.6221e-01    9.8873e-01    9.8337e-01    9.9124e-01    9.6573e-01    9.7426e-01    9.4270e-01    9.3260e-01    9.5339e-01    9.8936e-01    9.8189e-01
9.8930e-01    9.8262e-01    9.8890e-01    9.9509e-01    9.8154e-01    9.9392e-01    1.0000e+00    9.8750e-01    9.5857e-01    9.8157e-01    9.7807e-01    9.9024e-01    9.5289e-01    9.7076e-01    9.3511e-01    9.2572e-01    9.4952e-01    9.8603e-01    9.8027e-01
9.7674e-01    9.6752e-01    9.8208e-01    9.8594e-01    9.6929e-01    9.8488e-01    9.8750e-01    1.0000e+00    9.4321e-01    9.6979e-01    9.7860e-01    9.8779e-01    9.5842e-01    9.5671e-01    9.4211e-01    8.9763e-01    9.2610e-01    9.8619e-01    9.8225e-01
9.6197e-01    9.5617e-01    9.6424e-01    9.6174e-01    9.8151e-01    9.6221e-01    9.5857e-01    9.4321e-01    1.0000e+00    9.6019e-01    9.6537e-01    9.5821e-01    9.4657e-01    9.8100e-01    9.4771e-01    9.7526e-01    9.9191e-01    9.6409e-01    9.5435e-01
9.7528e-01    9.8666e-01    9.8996e-01    9.8578e-01    9.8154e-01    9.8873e-01    9.8157e-01    9.6979e-01    9.6019e-01    1.0000e+00    9.8367e-01    9.8506e-01    9.7202e-01    9.7426e-01    9.5230e-01    9.2785e-01    9.5139e-01    9.8585e-01    9.8273e-01
9.7154e-01    9.7507e-01    9.8904e-01    9.8207e-01    9.8076e-01    9.8337e-01    9.7807e-01    9.7860e-01    9.6537e-01    9.8367e-01    1.0000e+00    9.8872e-01    9.8612e-01    9.7823e-01    9.7506e-01    9.1994e-01    9.4833e-01    9.9401e-01    9.9161e-01
9.8502e-01    9.8513e-01    9.9534e-01    9.9267e-01    9.8138e-01    9.9124e-01    9.9024e-01    9.8779e-01    9.5821e-01    9.8506e-01    9.8872e-01    1.0000e+00    9.7257e-01    9.7382e-01    9.5492e-01    9.1936e-01    9.4546e-01    9.9339e-01    9.9197e-01
9.4345e-01    9.5679e-01    9.7060e-01    9.5948e-01    9.5654e-01    9.6573e-01    9.5289e-01    9.5842e-01    9.4657e-01    9.7202e-01    9.8612e-01    9.7257e-01    1.0000e+00    9.5881e-01    9.8126e-01    9.0030e-01    9.2424e-01    9.7821e-01    9.7823e-01
9.7247e-01    9.7122e-01    9.7866e-01    9.7593e-01    9.8530e-01    9.7426e-01    9.7076e-01    9.5671e-01    9.8100e-01    9.7426e-01    9.7823e-01    9.7382e-01    9.5881e-01    1.0000e+00    9.4952e-01    9.5778e-01    9.7558e-01    9.7830e-01    9.7165e-01
9.2329e-01    9.3461e-01    9.5164e-01    9.4055e-01    9.3896e-01    9.4270e-01    9.3511e-01    9.4211e-01    9.4771e-01    9.5230e-01    9.7506e-01    9.5492e-01    9.8126e-01    9.4952e-01    1.0000e+00    8.8232e-01    9.2279e-01    9.6227e-01    9.6609e-01
9.3691e-01    9.3433e-01    9.3172e-01    9.3184e-01    9.5565e-01    9.3260e-01    9.2572e-01    8.9763e-01    9.7526e-01    9.2785e-01    9.1994e-01    9.1936e-01    9.0030e-01    9.5778e-01    8.8232e-01    1.0000e+00    9.8718e-01    9.2477e-01    9.0966e-01
9.5635e-01    9.5365e-01    9.5502e-01    9.5421e-01    9.7340e-01    9.5339e-01    9.4952e-01    9.2610e-01    9.9191e-01    9.5139e-01    9.4833e-01    9.4546e-01    9.2424e-01    9.7558e-01    9.2279e-01    9.8718e-01    1.0000e+00    9.5121e-01    9.4041e-01
9.8038e-01    9.8009e-01    9.9364e-01    9.9080e-01    9.8379e-01    9.8936e-01    9.8603e-01    9.8619e-01    9.6409e-01    9.8585e-01    9.9401e-01    9.9339e-01    9.7821e-01    9.7830e-01    9.6227e-01    9.2477e-01    9.5121e-01    1.0000e+00    9.9423e-01
9.7264e-01    9.7514e-01    9.8988e-01    9.8503e-01    9.7478e-01    9.8189e-01    9.8027e-01    9.8225e-01    9.5435e-01    9.8273e-01    9.9161e-01    9.9197e-01    9.7823e-01    9.7165e-01    9.6609e-01    9.0966e-01    9.4041e-01    9.9423e-01    1.0000e+00
