1.0000e+00    9.8729e-01    9.9515e-01    9.9579e-01    9.9605e-01    9.9533e-01    9.9249e-01    9.9105e-01    9.9501e-01    9.8659e-01    9.9603e-01    9.9606e-01    9.9552e-01    9.9551e-01    9.8620e-01    9.8996e-01    9.9427e-01    9.9595e-01    9.9546e-01
9.8729e-01    1.0000e+00    9.9397e-01    9.9024e-01    9.8362e-01    9.8902e-01    9.8807e-01    9.7221e-01    9.8655e-01    9.9157e-01    9.8900e-01    9.8998e-01    9.8875e-01    9.8638e-01    9.8995e-01    9.7689e-01    9.8409e-01    9.8011e-01    9.8443e-01
9.9515e-01    9.9397e-01    1.0000e+00    9.9558e-01    9.9308e-01    9.9417e-01    9.9298e-01    9.8584e-01    9.9314e-01    9.9182e-01    9.9680e-01    9.9572e-01    9.9471e-01    9.9363e-01    9.9236e-01    9.8397e-01    9.9049e-01    9.9155e-01    9.9339e-01
9.9579e-01    9.9024e-01    9.9558e-01    1.0000e+00    9.9278e-01    9.9521e-01    9.9489e-01    9.8860e-01    9.9413e-01    9.8987e-01    9.9586e-01    9.9581e-01    9.9436e-01    9.9493e-01    9.9083e-01    9.8586e-01    9.9240e-01    9.9243e-01    9.9382e-01
9.9605e-01    9.8362e-01    9.9308e-01    9.9278e-01    1.0000e+00    9.9345e-01    9.8850e-01    9.8928e-01    9.9457e-01    9.8734e-01    9.9582e-01    9.9208e-01    9.9438e-01    9.9534e-01    9.8558e-01    9.8780e-01    9.9341e-01    9.9576e-01    9.9302e-01
9.9533e-01    9.8902e-01    9.9417e-01    9.9521e-01    9.9345e-01    1.0000e+00    9.9429e-01    9.8640e-01    9.9453e-01    9.9004e-01    9.9426e-01    9.9471e-01    9.9600e-01    9.9302e-01    9.8786e-01    9.8828e-01    9.9305e-01    9.9199e-01    9.9070e-01
9.9249e-01    9.8807e-01    9.9298e-01    9.9489e-01    9.8850e-01    9.9429e-01    1.0000e+00    9.8311e-01    9.9266e-01    9.8780e-01    9.9213e-01    9.9449e-01    9.9021e-01    9.9044e-01    9.8945e-01    9.8133e-01    9.8842e-01    9.8677e-01    9.8859e-01
9.9105e-01    9.7221e-01    9.8584e-01    9.8860e-01    9.8928e-01    9.8640e-01    9.8311e-01    1.0000e+00    9.8645e-01    9.7141e-01    9.9151e-01    9.8750e-01    9.8751e-01    9.8787e-01    9.7972e-01    9.7839e-01    9.8520e-01    9.9467e-01    9.9104e-01
9.9501e-01    9.8655e-01    9.9314e-01    9.9413e-01    9.9457e-01    9.9453e-01    9.9266e-01    9.8645e-01    1.0000e+00    9.8742e-01    9.9439e-01    9.9415e-01    9.9374e-01    9.9565e-01    9.9030e-01    9.9073e-01    9.9631e-01    9.9196e-01    9.9084e-01
9.8659e-01    9.9157e-01    9.9182e-01    9.8987e-01    9.8734e-01    9.9004e-01    9.8780e-01    9.7141e-01    9.8742e-01    1.0000e+00    9.8961e-01    9.8747e-01    9.8913e-01    9.8850e-01    9.8959e-01    9.7760e-01    9.8588e-01    9.8185e-01    9.8379e-01
9.9603e-01    9.8900e-01    9.9680e-01    9.9586e-01    9.9582e-01    9.9426e-01    9.9213e-01    9.9151e-01    9.9439e-01    9.8961e-01    1.0000e+00    9.9432e-01    9.9532e-01    9.9494e-01    9.9262e-01    9.8413e-01    9.9222e-01    9.9568e-01    9.9492e-01
9.9606e-01    9.8998e-01    9.9572e-01    9.9581e-01    9.9208e-01    9.9471e-01    9.9449e-01    9.8750e-01    9.9415e-01    9.8747e-01    9.9432e-01    1.0000e+00    9.9390e-01    9.9301e-01    9.8911e-01    9.8577e-01    9.9140e-01    9.9105e-01    9.9202e-01
9.9552e-01    9.8875e-01    9.9471e-01    9.9436e-01    9.9438e-01    9.9600e-01    9.9021e-01    9.8751e-01    9.9374e-01    9.8913e-01    9.9532e-01    9.9390e-01    1.0000e+00    9.9437e-01    9.8790e-01    9.9048e-01    9.9324e-01    9.9376e-01    9.9202e-01
9.9551e-01    9.8638e-01    9.9363e-01    9.9493e-01    9.9534e-01    9.9302e-01    9.9044e-01    9.8787e-01    9.9565e-01    9.8850e-01    9.9494e-01    9.9301e-01    9.9437e-01    1.0000e+00    9.8858e-01    9.8993e-01    9.9536e-01    9.9398e-01    9.9310e-01
9.8620e-01    9.8995e-01    9.9236e-01    9.9083e-01    9.8558e-01    9.8786e-01    9.8945e-01    9.7972e-01    9.9030e-01    9.8959e-01    9.9262e-01    9.8911e-01    9.8790e-01    9.8858e-01    1.0000e+00    9.7286e-01    9.8592e-01    9.8358e-01    9.8562e-01
9.8996e-01    9.7689e-01    9.8397e-01    9.8586e-01    9.8780e-01    9.8828e-01    9.8133e-01    9.7839e-01    9.9073e-01    9.7760e-01    9.8413e-01    9.8577e-01    9.9048e-01    9.8993e-01    9.7286e-01    1.0000e+00    9.9337e-01    9.8586e-01    9.8368e-01
9.9427e-01    9.8409e-01    9.9049e-01    9.9240e-01    9.9341e-01    9.9305e-01    9.8842e-01    9.8520e-01    9.9631e-01    9.8588e-01    9.9222e-01    9.9140e-01    9.9324e-01    9.9536e-01    9.8592e-01    9.9337e-01    1.0000e+00    9.9225e-01    9.9090e-01
9.9595e-01    9.8011e-01    9.9155e-01    9.9243e-01    9.9576e-01    9.9199e-01    9.8677e-01    9.9467e-01    9.9196e-01    9.8185e-01    9.9568e-01    9.9105e-01    9.9376e-01    9.9398e-01    9.8358e-01    9.8586e-01    9.9225e-01    1.0000e+00    9.9519e-01
9.9546e-01    9.8443e-01    9.9339e-01    9.9382e-01    9.9302e-01    9.9070e-01    9.8859e-01    9.9104e-01    9.9084e-01    9.8379e-01    9.9492e-01    9.9202e-01    9.9202e-01    9.9310e-01    9.8562e-01    9.8368e-01    9.9090e-01    9.9519e-01    1.0000e+00
