1.0000e+00    9.8809e-01    9.9546e-01    9.9577e-01    9.9634e-01    9.9558e-01    9.9229e-01    9.9215e-01    9.9504e-01    9.8812e-01    9.9634e-01    9.9588e-01    9.9575e-01    9.9564e-01    9.8764e-01    9.8950e-01    9.9448e-01    9.9657e-01    9.9558e-01
9.8809e-01    1.0000e+00    9.9444e-01    9.9068e-01    9.8417e-01    9.8933e-01    9.8837e-01    9.7508e-01    9.8653e-01    9.9138e-01    9.8942e-01    9.9073e-01    9.8934e-01    9.8622e-01    9.9048e-01    9.7726e-01    9.8442e-01    9.8204e-01    9.8570e-01
9.9546e-01    9.9444e-01    1.0000e+00    9.9556e-01    9.9317e-01    9.9431e-01    9.9319e-01    9.8707e-01    9.9294e-01    9.9246e-01    9.9683e-01    9.9591e-01    9.9482e-01    9.9304e-01    9.9289e-01    9.8355e-01    9.9050e-01    9.9239e-01    9.9387e-01
9.9577e-01    9.9068e-01    9.9556e-01    1.0000e+00    9.9267e-01    9.9510e-01    9.9490e-01    9.8984e-01    9.9390e-01    9.9026e-01    9.9555e-01    9.9574e-01    9.9423e-01    9.9446e-01    9.9167e-01    9.8551e-01    9.9220e-01    9.9276e-01    9.9401e-01
9.9634e-01    9.8417e-01    9.9317e-01    9.9267e-01    1.0000e+00    9.9370e-01    9.8874e-01    9.8991e-01    9.9486e-01    9.8852e-01    9.9583e-01    9.9209e-01    9.9471e-01    9.9569e-01    9.8628e-01    9.8824e-01    9.9376e-01    9.9616e-01    9.9291e-01
9.9558e-01    9.8933e-01    9.9431e-01    9.9510e-01    9.9370e-01    1.0000e+00    9.9413e-01    9.8803e-01    9.9405e-01    9.9068e-01    9.9455e-01    9.9445e-01    9.9624e-01    9.9280e-01    9.8853e-01    9.8808e-01    9.9294e-01    9.9279e-01    9.9108e-01
9.9229e-01    9.8837e-01    9.9319e-01    9.9490e-01    9.8874e-01    9.9413e-01    1.0000e+00    9.8461e-01    9.9233e-01    9.8833e-01    9.9236e-01    9.9451e-01    9.9048e-01    9.9038e-01    9.9060e-01    9.8087e-01    9.8815e-01    9.8791e-01    9.8919e-01
9.9215e-01    9.7508e-01    9.8707e-01    9.8984e-01    9.8991e-01    9.8803e-01    9.8461e-01    1.0000e+00    9.8754e-01    9.7459e-01    9.9225e-01    9.8844e-01    9.8832e-01    9.8876e-01    9.8202e-01    9.7936e-01    9.8649e-01    9.9464e-01    9.9147e-01
9.9504e-01    9.8653e-01    9.9294e-01    9.9390e-01    9.9486e-01    9.9405e-01    9.9233e-01    9.8754e-01    1.0000e+00    9.8785e-01    9.9445e-01    9.9374e-01    9.9370e-01    9.9575e-01    9.9096e-01    9.9089e-01    9.9643e-01    9.9278e-01    9.9096e-01
9.8812e-01    9.9138e-01    9.9246e-01    9.9026e-01    9.8852e-01    9.9068e-01    9.8833e-01    9.7459e-01    9.8785e-01    1.0000e+00    9.9054e-01    9.8816e-01    9.9026e-01    9.8910e-01    9.8963e-01    9.7843e-01    9.8638e-01    9.8454e-01    9.8544e-01
9.9634e-01    9.8942e-01    9.9683e-01    9.9555e-01    9.9583e-01    9.9455e-01    9.9236e-01    9.9225e-01    9.9445e-01    9.9054e-01    1.0000e+00    9.9442e-01    9.9539e-01    9.9481e-01    9.9294e-01    9.8417e-01    9.9232e-01    9.9613e-01    9.9514e-01
9.9588e-01    9.9073e-01    9.9591e-01    9.9574e-01    9.9209e-01    9.9445e-01    9.9451e-01    9.8844e-01    9.9374e-01    9.8816e-01    9.9442e-01    1.0000e+00    9.9384e-01    9.9293e-01    9.9049e-01    9.8517e-01    9.9118e-01    9.9151e-01    9.9250e-01
9.9575e-01    9.8934e-01    9.9482e-01    9.9423e-01    9.9471e-01    9.9624e-01    9.9048e-01    9.8832e-01    9.9370e-01    9.9026e-01    9.9539e-01    9.9384e-01    1.0000e+00    9.9427e-01    9.8837e-01    9.9073e-01    9.9344e-01    9.9422e-01    9.9204e-01
9.9564e-01    9.8622e-01    9.9304e-01    9.9446e-01    9.9569e-01    9.9280e-01    9.9038e-01    9.8876e-01    9.9575e-01    9.8910e-01    9.9481e-01    9.9293e-01    9.9427e-01    1.0000e+00    9.8888e-01    9.8987e-01    9.9513e-01    9.9469e-01    9.9287e-01
9.8764e-01    9.9048e-01    9.9289e-01    9.9167e-01    9.8628e-01    9.8853e-01    9.9060e-01    9.8202e-01    9.9096e-01    9.8963e-01    9.9294e-01    9.9049e-01    9.8837e-01    9.8888e-01    1.0000e+00    9.7423e-01    9.8667e-01    9.8546e-01    9.8758e-01
9.8950e-01    9.7726e-01    9.8355e-01    9.8551e-01    9.8824e-01    9.8808e-01    9.8087e-01    9.7936e-01    9.9089e-01    9.7843e-01    9.8417e-01    9.8517e-01    9.9073e-01    9.8987e-01    9.7423e-01    1.0000e+00    9.9378e-01    9.8647e-01    9.8297e-01
9.9448e-01    9.8442e-01    9.9050e-01    9.9220e-01    9.9376e-01    9.9294e-01    9.8815e-01    9.8649e-01    9.9643e-01    9.8638e-01    9.9232e-01    9.9118e-01    9.9344e-01    9.9513e-01    9.8667e-01    9.9378e-01    1.0000e+00    9.9289e-01    9.9091e-01
9.9657e-01    9.8204e-01    9.9239e-01    9.9276e-01    9.9616e-01    9.9279e-01    9.8791e-01    9.9464e-01    9.9278e-01    9.8454e-01    9.9613e-01    9.9151e-01    9.9422e-01    9.9469e-01    9.8546e-01    9.8647e-01    9.9289e-01    1.0000e+00    9.9520e-01
9.9558e-01    9.8570e-01    9.9387e-01    9.9401e-01    9.9291e-01    9.9108e-01    9.8919e-01    9.9147e-01    9.9096e-01    9.8544e-01    9.9514e-01    9.9250e-01    9.9204e-01    9.9287e-01    9.8758e-01    9.8297e-01    9.9091e-01    9.9520e-01    1.0000e+00
