0.0000e+00 4.2439e-01 4.6927e-01 2.5287e-02 1.8360e-01 2.4980e-01 2.1226e-01 4.9234e-01 4.3078e-01 3.5693e-01 9.7213e-02 3.9992e-01
4.2439e-01 0.0000e+00 2.4202e-01 3.3214e-02 1.1971e-01 1.0595e-01 1.0069e-01 2.9430e-01 2.7710e-01 1.6739e-01 2.0153e-02 2.2953e-01
4.6927e-01 2.4202e-01 0.0000e+00 1.9187e-01 1.9580e-01 2.5521e-01 2.8590e-01 4.5226e-01 5.5197e-01 6.4247e-01 2.1599e-01 4.3419e-01
2.5287e-02 3.3214e-02 1.9187e-01 0.0000e+00 -6.9882e-02 6.5712e-02 2.2008e-01 6.4884e-02 4.5076e-02 4.9886e-01 3.1406e-01 1.4147e-01
1.8360e-01 1.1971e-01 1.9580e-01 -6.9882e-02 0.0000e+00 2.6743e-01 4.0225e-01 4.0494e-01 5.4060e-01 2.0298e-02 6.1418e-02 1.8139e-01
2.4980e-01 1.0595e-01 2.5521e-01 6.5712e-02 2.6743e-01 0.0000e+00 4.4772e-01 4.2502e-01 2.8647e-01 2.8027e-01 3.0789e-01 3.0211e-01
2.1226e-01 1.0069e-01 2.8590e-01 2.2008e-01 4.0225e-01 4.4772e-01 0.0000e+00 4.6723e-01 3.4562e-01 3.6722e-01 5.3149e-01 3.3357e-01
4.9234e-01 2.9430e-01 4.5226e-01 6.4884e-02 4.0494e-01 4.2502e-01 4.6723e-01 0.0000e+00 5.2780e-01 4.3180e-01 3.2685e-01 6.7503e-01
4.3078e-01 2.7710e-01 5.5197e-01 4.5076e-02 5.4060e-01 2.8647e-01 3.4562e-01 5.2780e-01 0.0000e+00 2.9516e-01 1.1066e-01 3.5408e-01
3.5693e-01 1.6739e-01 6.4247e-01 4.9886e-01 2.0298e-02 2.8027e-01 3.6722e-01 4.3180e-01 2.9516e-01 0.0000e+00 4.6719e-01 5.0057e-01
9.7213e-02 2.0153e-02 2.1599e-01 3.1406e-01 6.1418e-02 3.0789e-01 5.3149e-01 3.2685e-01 1.1066e-01 4.6719e-01 0.0000e+00 3.7435e-01
3.9992e-01 2.2953e-01 4.3419e-01 1.4147e-01 1.8139e-01 3.0211e-01 3.3357e-01 6.7503e-01 3.5408e-01 5.0057e-01 3.7435e-01 0.0000e+00
