0.0000e+00 5.3058e-01 4.6741e-01 1.0461e-01 3.7853e-01 4.6701e-01 2.7249e-01 5.7245e-01 4.8534e-01 3.2776e-01 2.2027e-01 5.4346e-01
5.3058e-01 0.0000e+00 2.4954e-01 1.1231e-01 3.2342e-01 2.1699e-01 1.6526e-01 3.6401e-01 2.9654e-01 1.8872e-01 1.2895e-01 3.3107e-01
4.6741e-01 2.4954e-01 0.0000e+00 2.6417e-01 2.2870e-01 3.7498e-01 4.3730e-01 5.0020e-01 8.2688e-01 8.2531e-01 4.1871e-01 5.4775e-01
1.0461e-01 1.1231e-01 2.6417e-01 0.0000e+00 2.6938e-02 1.7267e-01 3.1911e-01 1.9326e-01 1.9238e-01 6.8516e-01 5.0649e-01 3.3586e-01
3.7853e-01 3.2342e-01 2.2870e-01 2.6938e-02 0.0000e+00 3.7705e-01 4.1821e-01 6.4566e-01 6.3230e-01 1.1217e-01 1.4958e-01 3.8092e-01
4.6701e-01 2.1699e-01 3.7498e-01 1.7267e-01 3.7705e-01 0.0000e+00 8.2562e-01 7.3667e-01 4.2605e-01 4.5763e-01 6.7849e-01 6.1477e-01
2.7249e-01 1.6526e-01 4.3730e-01 3.1911e-01 4.1821e-01 8.2562e-01 0.0000e+00 6.8740e-01 4.5575e-01 5.7333e-01 9.8842e-01 6.2703e-01
5.7245e-01 3.6401e-01 5.0020e-01 1.9326e-01 6.4566e-01 7.3667e-01 6.8740e-01 0.0000e+00 7.3979e-01 5.3485e-01 5.3074e-01 1.2609e+00
4.8534e-01 2.9654e-01 8.2688e-01 1.9238e-01 6.3230e-01 4.2605e-01 4.5575e-01 7.3979e-01 0.0000e+00 3.9751e-01 2.8428e-01 6.1277e-01
3.2776e-01 1.8872e-01 8.2531e-01 6.8516e-01 1.1217e-01 4.5763e-01 5.7333e-01 5.3485e-01 3.9751e-01 0.0000e+00 7.9753e-01 7.2297e-01
2.2027e-01 1.2895e-01 4.1871e-01 5.0649e-01 1.4958e-01 6.7849e-01 9.8842e-01 5.3074e-01 2.8428e-01 7.9753e-01 0.0000e+00 6.4953e-01
5.4346e-01 3.3107e-01 5.4775e-01 3.3586e-01 3.8092e-01 6.1477e-01 6.2703e-01 1.2609e+00 6.1277e-01 7.2297e-01 6.4953e-01 0.0000e+00
