1.0000e+00    9.9711e-01    9.8442e-01    9.8705e-01    9.9403e-01    9.9322e-01    9.9443e-01    9.9028e-01    9.9292e-01    9.9492e-01    9.8925e-01    9.9270e-01
9.9711e-01    1.0000e+00    9.8702e-01    9.8592e-01    9.9264e-01    9.9199e-01    9.9200e-01    9.8841e-01    9.8976e-01    9.9158e-01    9.9141e-01    9.9184e-01
9.8442e-01    9.8702e-01    1.0000e+00    9.8933e-01    9.9038e-01    9.8501e-01    9.7649e-01    9.8106e-01    9.7319e-01    9.7876e-01    9.9166e-01    9.8762e-01
9.8705e-01    9.8592e-01    9.8933e-01    1.0000e+00    9.9421e-01    9.8546e-01    9.7653e-01    9.7516e-01    9.7674e-01    9.8202e-01    9.8896e-01    9.9030e-01
9.9403e-01    9.9264e-01    9.9038e-01    9.9421e-01    1.0000e+00    9.9438e-01    9.8727e-01    9.8575e-01    9.8628e-01    9.8999e-01    9.9229e-01    9.9477e-01
9.9322e-01    9.9199e-01    9.8501e-01    9.8546e-01    9.9438e-01    1.0000e+00    9.9116e-01    9.8811e-01    9.8998e-01    9.9326e-01    9.8736e-01    9.8981e-01
9.9443e-01    9.9200e-01    9.7649e-01    9.7653e-01    9.8727e-01    9.9116e-01    1.0000e+00    9.8921e-01    9.9567e-01    9.9559e-01    9.8361e-01    9.8344e-01
9.9028e-01    9.8841e-01    9.8106e-01    9.7516e-01    9.8575e-01    9.8811e-01    9.8921e-01    1.0000e+00    9.8570e-01    9.8904e-01    9.8182e-01    9.8456e-01
9.9292e-01    9.8976e-01    9.7319e-01    9.7674e-01    9.8628e-01    9.8998e-01    9.9567e-01    9.8570e-01    1.0000e+00    9.9771e-01    9.8340e-01    9.8356e-01
9.9492e-01    9.9158e-01    9.7876e-01    9.8202e-01    9.8999e-01    9.9326e-01    9.9559e-01    9.8904e-01    9.9771e-01    1.0000e+00    9.8515e-01    9.8773e-01
9.8925e-01    9.9141e-01    9.9166e-01    9.8896e-01    9.9229e-01    9.8736e-01    9.8361e-01    9.8182e-01    9.8340e-01    9.8515e-01    1.0000e+00    9.9205e-01
9.9270e-01    9.9184e-01    9.8762e-01    9.9030e-01    9.9477e-01    9.8981e-01    9.8344e-01    9.8456e-01    9.8356e-01    9.8773e-01    9.9205e-01    1.0000e+00
