1.0000e+00    9.9676e-01    9.7848e-01    9.8069e-01    9.9138e-01    9.9056e-01    9.9303e-01    9.8913e-01    9.9057e-01    9.9296e-01    9.8697e-01    9.9102e-01
9.9676e-01    1.0000e+00    9.8238e-01    9.8037e-01    9.9053e-01    9.8859e-01    9.8931e-01    9.8777e-01    9.8518e-01    9.8784e-01    9.8939e-01    9.9059e-01
9.7848e-01    9.8238e-01    1.0000e+00    9.8817e-01    9.8885e-01    9.7850e-01    9.6545e-01    9.7300e-01    9.6044e-01    9.6832e-01    9.9093e-01    9.8654e-01
9.8069e-01    9.8037e-01    9.8817e-01    1.0000e+00    9.9259e-01    9.7897e-01    9.6542e-01    9.6618e-01    9.6498e-01    9.7232e-01    9.8796e-01    9.8924e-01
9.9138e-01    9.9053e-01    9.8885e-01    9.9259e-01    1.0000e+00    9.9222e-01    9.8139e-01    9.8163e-01    9.8020e-01    9.8512e-01    9.9201e-01    9.9490e-01
9.9056e-01    9.8859e-01    9.7850e-01    9.7897e-01    9.9222e-01    1.0000e+00    9.8770e-01    9.8528e-01    9.8714e-01    9.9084e-01    9.8359e-01    9.8702e-01
9.9303e-01    9.8931e-01    9.6545e-01    9.6542e-01    9.8139e-01    9.8770e-01    1.0000e+00    9.8863e-01    9.9535e-01    9.9467e-01    9.7885e-01    9.7934e-01
9.8913e-01    9.8777e-01    9.7300e-01    9.6618e-01    9.8163e-01    9.8528e-01    9.8863e-01    1.0000e+00    9.8431e-01    9.8741e-01    9.7855e-01    9.8240e-01
9.9057e-01    9.8518e-01    9.6044e-01    9.6498e-01    9.8020e-01    9.8714e-01    9.9535e-01    9.8431e-01    1.0000e+00    9.9762e-01    9.7657e-01    9.7845e-01
9.9296e-01    9.8784e-01    9.6832e-01    9.7232e-01    9.8512e-01    9.9084e-01    9.9467e-01    9.8741e-01    9.9762e-01    1.0000e+00    9.8024e-01    9.8416e-01
9.8697e-01    9.8939e-01    9.9093e-01    9.8796e-01    9.9201e-01    9.8359e-01    9.7885e-01    9.7855e-01    9.7657e-01    9.8024e-01    1.0000e+00    9.9175e-01
9.9102e-01    9.9059e-01    9.8654e-01    9.8924e-01    9.9490e-01    9.8702e-01    9.7934e-01    9.8240e-01    9.7845e-01    9.8416e-01    9.9175e-01    1.0000e+00
