1.0000e+00    9.9779e-01    9.9324e-01    9.9446e-01    9.9672e-01    9.9732e-01    9.9566e-01    9.9058e-01    9.9619e-01    9.9755e-01    9.9436e-01    9.9803e-01
9.9779e-01    1.0000e+00    9.9519e-01    9.9485e-01    9.9433e-01    9.9693e-01    9.9404e-01    9.8915e-01    9.9656e-01    9.9831e-01    9.9459e-01    9.9711e-01
9.9324e-01    9.9519e-01    1.0000e+00    9.9226e-01    9.9016e-01    9.9411e-01    9.9099e-01    9.8824e-01    9.9272e-01    9.9540e-01    9.9219e-01    9.9207e-01
9.9446e-01    9.9485e-01    9.9226e-01    1.0000e+00    9.9111e-01    9.9239e-01    9.8792e-01    9.8176e-01    9.9181e-01    9.9554e-01    9.9009e-01    9.9378e-01
9.9672e-01    9.9433e-01    9.9016e-01    9.9111e-01    1.0000e+00    9.9602e-01    9.9600e-01    9.9180e-01    9.9547e-01    9.9470e-01    9.9462e-01    9.9518e-01
9.9732e-01    9.9693e-01    9.9411e-01    9.9239e-01    9.9602e-01    1.0000e+00    9.9596e-01    9.9331e-01    9.9588e-01    9.9737e-01    9.9418e-01    9.9629e-01
9.9566e-01    9.9404e-01    9.9099e-01    9.8792e-01    9.9600e-01    9.9596e-01    1.0000e+00    9.9408e-01    9.9677e-01    9.9471e-01    9.9500e-01    9.9374e-01
9.9058e-01    9.8915e-01    9.8824e-01    9.8176e-01    9.9180e-01    9.9331e-01    9.9408e-01    1.0000e+00    9.9143e-01    9.9031e-01    9.9096e-01    9.8883e-01
9.9619e-01    9.9656e-01    9.9272e-01    9.9181e-01    9.9547e-01    9.9588e-01    9.9677e-01    9.9143e-01    1.0000e+00    9.9685e-01    9.9727e-01    9.9448e-01
9.9755e-01    9.9831e-01    9.9540e-01    9.9554e-01    9.9470e-01    9.9737e-01    9.9471e-01    9.9031e-01    9.9685e-01    1.0000e+00    9.9439e-01    9.9647e-01
9.9436e-01    9.9459e-01    9.9219e-01    9.9009e-01    9.9462e-01    9.9418e-01    9.9500e-01    9.9096e-01    9.9727e-01    9.9439e-01    1.0000e+00    9.9264e-01
9.9803e-01    9.9711e-01    9.9207e-01    9.9378e-01    9.9518e-01    9.9629e-01    9.9374e-01    9.8883e-01    9.9448e-01    9.9647e-01    9.9264e-01    1.0000e+00
