1.0000e+00    9.9788e-01    9.9251e-01    9.9430e-01    9.9669e-01    9.9725e-01    9.9540e-01    9.8944e-01    9.9595e-01    9.9747e-01    9.9401e-01    9.9803e-01
9.9788e-01    1.0000e+00    9.9441e-01    9.9470e-01    9.9429e-01    9.9690e-01    9.9388e-01    9.8806e-01    9.9634e-01    9.9820e-01    9.9422e-01    9.9726e-01
9.9251e-01    9.9441e-01    1.0000e+00    9.9153e-01    9.8936e-01    9.9378e-01    9.9068e-01    9.8788e-01    9.9254e-01    9.9519e-01    9.9223e-01    9.9116e-01
9.9430e-01    9.9470e-01    9.9153e-01    1.0000e+00    9.9085e-01    9.9204e-01    9.8746e-01    9.7983e-01    9.9176e-01    9.9533e-01    9.8987e-01    9.9360e-01
9.9669e-01    9.9429e-01    9.8936e-01    9.9085e-01    1.0000e+00    9.9586e-01    9.9551e-01    9.9097e-01    9.9509e-01    9.9486e-01    9.9385e-01    9.9493e-01
9.9725e-01    9.9690e-01    9.9378e-01    9.9204e-01    9.9586e-01    1.0000e+00    9.9564e-01    9.9236e-01    9.9559e-01    9.9727e-01    9.9366e-01    9.9613e-01
9.9540e-01    9.9388e-01    9.9068e-01    9.8746e-01    9.9551e-01    9.9564e-01    1.0000e+00    9.9383e-01    9.9676e-01    9.9470e-01    9.9501e-01    9.9332e-01
9.8944e-01    9.8806e-01    9.8788e-01    9.7983e-01    9.9097e-01    9.9236e-01    9.9383e-01    1.0000e+00    9.9101e-01    9.8953e-01    9.9030e-01    9.8726e-01
9.9595e-01    9.9634e-01    9.9254e-01    9.9176e-01    9.9509e-01    9.9559e-01    9.9676e-01    9.9101e-01    1.0000e+00    9.9673e-01    9.9729e-01    9.9419e-01
9.9747e-01    9.9820e-01    9.9519e-01    9.9533e-01    9.9486e-01    9.9727e-01    9.9470e-01    9.8953e-01    9.9673e-01    1.0000e+00    9.9440e-01    9.9646e-01
9.9401e-01    9.9422e-01    9.9223e-01    9.8987e-01    9.9385e-01    9.9366e-01    9.9501e-01    9.9030e-01    9.9729e-01    9.9440e-01    1.0000e+00    9.9225e-01
9.9803e-01    9.9726e-01    9.9116e-01    9.9360e-01    9.9493e-01    9.9613e-01    9.9332e-01    9.8726e-01    9.9419e-01    9.9646e-01    9.9225e-01    1.0000e+00
