0.0000e+00 3.9129e-01 1.9800e-01 1.7816e-01 1.1965e-02 3.2014e-01 2.1988e-01 -6.7759e-02 8.0090e-03 -2.2987e-03 4.8851e-02 -4.2269e-03 3.1397e-02 7.6789e-02 4.8718e-02 9.6118e-02 1.1788e-01 3.0442e-02 4.0071e-02
3.9129e-01 0.0000e+00 2.9846e-01 2.4170e-01 -1.0452e-02 4.2340e-01 5.8284e-01 -4.5554e-02 -3.4997e-02 2.2281e-02 -4.0303e-03 1.1909e-03 -1.9399e-02 2.8736e-02 5.4778e-03 8.9552e-02 1.1170e-01 3.9006e-02 1.9328e-02
1.9800e-01 2.9846e-01 0.0000e+00 3.9177e-01 1.4155e-01 2.0496e-01 6.2956e-02 -2.9079e-02 2.3306e-01 3.0951e-01 2.8588e-01 4.1270e-01 2.9644e-01 2.4785e-01 2.7154e-01 2.0533e-01 2.3070e-01 3.7695e-01 2.9407e-01
1.7816e-01 2.4170e-01 3.9177e-01 0.0000e+00 4.0363e-01 3.5403e-01 2.7221e-01 5.8648e-02 2.7921e-01 1.0821e-01 6.7684e-02 1.3231e-01 3.6092e-02 1.3172e-01 -7.6092e-02 2.9232e-01 3.9037e-01 -5.7415e-02 -8.1484e-02
1.1965e-02 -1.0452e-02 1.4155e-01 4.0363e-01 0.0000e+00 2.2352e-01 1.1606e-01 2.2679e-01 7.7104e-01 2.5275e-01 3.0641e-01 2.3139e-01 2.4305e-01 3.0906e-01 6.0299e-02 4.0735e-01 5.1633e-01 2.7013e-02 1.1792e-02
3.2014e-01 4.2340e-01 2.0496e-01 3.5403e-01 2.2352e-01 0.0000e+00 5.5766e-01 2.0995e-01 1.3504e-01 1.9565e-01 3.5424e-02 1.0199e-01 2.1097e-02 8.0452e-02 -1.8617e-02 1.3334e-01 2.1851e-01 -2.7271e-03 -2.7369e-03
2.1988e-01 5.8284e-01 6.2956e-02 2.7221e-01 1.1606e-01 5.5766e-01 0.0000e+00 1.3211e-01 6.5164e-03 2.0390e-02 -1.0551e-01 -1.0199e-01 -1.4248e-01 -4.3908e-02 -1.5378e-01 2.9080e-02 1.2356e-01 -1.4168e-01 -1.2435e-01
-6.7759e-02 -4.5554e-02 -2.9079e-02 5.8648e-02 2.2679e-01 2.0995e-01 1.3211e-01 0.0000e+00 1.0800e-01 5.8860e-01 -1.0759e-02 2.1273e-01 2.5430e-02 -1.6680e-03 -4.1953e-02 7.5845e-03 3.7015e-02 -4.0505e-02 -3.1068e-02
8.0090e-03 -3.4997e-02 2.3306e-01 2.7921e-01 7.7104e-01 1.3504e-01 6.5164e-03 1.0800e-01 0.0000e+00 2.7431e-01 6.2716e-01 3.3540e-01 5.0027e-01 4.7343e-01 2.6826e-01 3.9015e-01 4.7480e-01 1.7602e-01 1.4115e-01
-2.2987e-03 2.2281e-02 3.0951e-01 1.0821e-01 2.5275e-01 1.9565e-01 2.0390e-02 5.8860e-01 2.7431e-01 0.0000e+00 2.5056e-01 6.6212e-01 2.8211e-01 1.9417e-01 2.2834e-01 1.0112e-01 1.2758e-01 2.2191e-01 1.8613e-01
4.8851e-02 -4.0303e-03 2.8588e-01 6.7684e-02 3.0641e-01 3.5424e-02 -1.0551e-01 -1.0759e-02 6.2716e-01 2.5056e-01 0.0000e+00 3.7818e-01 6.6293e-01 4.9874e-01 5.2897e-01 2.3174e-01 2.6626e-01 3.1467e-01 2.5383e-01
-4.2269e-03 1.1909e-03 4.1270e-01 1.3231e-01 2.3139e-01 1.0199e-01 -1.0199e-01 2.1273e-01 3.3540e-01 6.6212e-01 3.7818e-01 0.0000e+00 4.0307e-01 2.5705e-01 3.2659e-01 1.5290e-01 1.4969e-01 3.1714e-01 2.6278e-01
3.1397e-02 -1.9399e-02 2.9644e-01 3.6092e-02 2.4305e-01 2.1097e-02 -1.4248e-01 2.5430e-02 5.0027e-01 2.8211e-01 6.6293e-01 4.0307e-01 0.0000e+00 3.0900e-01 4.8538e-01 1.6200e-01 1.6032e-01 3.0839e-01 2.6827e-01
7.6789e-02 2.8736e-02 2.4785e-01 1.3172e-01 3.0906e-01 8.0452e-02 -4.3908e-02 -1.6680e-03 4.7343e-01 1.9417e-01 4.9874e-01 2.5705e-01 3.0900e-01 0.0000e+00 3.8337e-01 2.8518e-01 4.9256e-01 3.0803e-01 2.0099e-01
4.8718e-02 5.4778e-03 2.7154e-01 -7.6092e-02 6.0299e-02 -1.8617e-02 -1.5378e-01 -4.1953e-02 2.6826e-01 2.2834e-01 5.2897e-01 3.2659e-01 4.8538e-01 3.8337e-01 0.0000e+00 8.5848e-02 9.7371e-02 4.8732e-01 3.7297e-01
9.6118e-02 8.9552e-02 2.0533e-01 2.9232e-01 4.0735e-01 1.3334e-01 2.9080e-02 7.5845e-03 3.9015e-01 1.0112e-01 2.3174e-01 1.5290e-01 1.6200e-01 2.8518e-01 8.5848e-02 0.0000e+00 5.5603e-01 1.1930e-01 6.2260e-02
1.1788e-01 1.1170e-01 2.3070e-01 3.9037e-01 5.1633e-01 2.1851e-01 1.2356e-01 3.7015e-02 4.7480e-01 1.2758e-01 2.6626e-01 1.4969e-01 1.6032e-01 4.9256e-01 9.7371e-02 5.5603e-01 0.0000e+00 1.4266e-01 5.1029e-02
3.0442e-02 3.9006e-02 3.7695e-01 -5.7415e-02 2.7013e-02 -2.7271e-03 -1.4168e-01 -4.0505e-02 1.7602e-01 2.2191e-01 3.1467e-01 3.1714e-01 3.0839e-01 3.0803e-01 4.8732e-01 1.1930e-01 1.4266e-01 0.0000e+00 5.1204e-01
4.0071e-02 1.9328e-02 2.9407e-01 -8.1484e-02 1.1792e-02 -2.7369e-03 -1.2435e-01 -3.1068e-02 1.4115e-01 1.8613e-01 2.5383e-01 2.6278e-01 2.6827e-01 2.0099e-01 3.7297e-01 6.2260e-02 5.1029e-02 5.1204e-01 0.0000e+00
