0.0000e+00 6.2096e-01 2.1099e-01 1.9027e-01 5.1249e-02 5.0288e-01 5.2278e-01 1.7570e-01 5.6940e-02 1.4683e-01 4.5048e-02 6.5837e-02 3.8231e-02 4.6425e-02 3.6006e-02 5.2689e-02 7.3076e-02 3.2322e-02 3.7812e-02
6.2096e-01 0.0000e+00 4.6307e-01 3.3378e-01 1.1887e-01 8.5814e-01 1.0931e+00 2.4550e-01 9.7495e-02 2.7109e-01 6.7890e-02 1.4945e-01 5.5643e-02 6.1920e-02 6.2020e-02 5.5221e-02 1.1667e-01 4.5755e-02 5.2229e-02
2.1099e-01 4.6307e-01 0.0000e+00 7.6514e-01 3.6472e-01 4.7110e-01 5.4236e-01 3.9678e-01 4.0975e-01 5.0540e-01 3.6485e-01 4.3065e-01 2.9893e-01 3.0323e-01 3.0632e-01 2.0326e-01 3.5692e-01 3.2662e-01 2.0535e-01
1.9027e-01 3.3378e-01 7.6514e-01 0.0000e+00 5.5489e-01 4.9251e-01 5.3146e-01 4.7834e-01 4.2976e-01 3.8042e-01 1.8719e-01 2.4104e-01 9.6979e-02 1.6249e-01 4.4030e-02 3.4162e-01 4.5857e-01 4.4957e-02 3.6484e-02
5.1249e-02 1.1887e-01 3.6472e-01 5.5489e-01 0.0000e+00 2.2508e-01 2.5628e-01 4.9588e-01 1.4757e+00 4.3428e-01 6.1998e-01 4.9800e-01 3.9967e-01 4.3194e-01 1.8988e-01 5.7738e-01 6.5524e-01 9.5877e-02 7.3248e-02
5.0288e-01 8.5814e-01 4.7110e-01 4.9251e-01 2.2508e-01 0.0000e+00 1.2119e+00 4.9230e-01 1.6184e-01 5.0709e-01 6.9072e-02 2.9492e-01 4.0610e-02 7.4295e-02 3.8917e-02 7.1273e-02 1.9960e-01 2.1174e-02 1.7792e-02
5.2278e-01 1.0931e+00 5.4236e-01 5.3146e-01 2.5628e-01 1.2119e+00 0.0000e+00 5.1064e-01 1.8853e-01 4.6590e-01 9.2858e-02 2.5793e-01 6.2547e-02 7.9476e-02 4.6664e-02 8.8116e-02 1.8677e-01 2.9521e-02 2.9591e-02
1.7570e-01 2.4550e-01 3.9678e-01 4.7834e-01 4.9588e-01 4.9230e-01 5.1064e-01 0.0000e+00 3.7467e-01 1.1928e+00 1.7203e-01 6.5642e-01 1.2535e-01 1.0777e-01 6.5204e-02 1.3461e-01 2.0846e-01 4.0881e-02 3.3002e-02
5.6940e-02 9.7495e-02 4.0975e-01 4.2976e-01 1.4757e+00 1.6184e-01 1.8853e-01 3.7467e-01 0.0000e+00 4.2102e-01 1.1590e+00 5.8069e-01 7.8912e-01 6.6861e-01 4.8474e-01 5.2297e-01 6.5150e-01 2.1623e-01 1.5748e-01
1.4683e-01 2.7109e-01 5.0540e-01 3.8042e-01 4.3428e-01 5.0709e-01 4.6590e-01 1.1928e+00 4.2102e-01 0.0000e+00 2.8846e-01 1.2866e+00 2.5224e-01 1.9105e-01 2.0040e-01 8.9525e-02 1.9951e-01 1.1638e-01 7.9305e-02
4.5048e-02 6.7890e-02 3.6485e-01 1.8719e-01 6.1998e-01 6.9072e-02 9.2858e-02 1.7203e-01 1.1590e+00 2.8846e-01 0.0000e+00 4.9899e-01 1.2275e+00 7.9100e-01 1.0135e+00 3.1686e-01 4.4800e-01 4.0436e-01 3.0234e-01
6.5837e-02 1.4945e-01 4.3065e-01 2.4104e-01 4.9800e-01 2.9492e-01 2.5793e-01 6.5642e-01 5.8069e-01 1.2866e+00 4.9899e-01 0.0000e+00 4.9484e-01 3.0489e-01 3.3557e-01 1.2138e-01 2.2123e-01 2.1084e-01 1.3872e-01
3.8231e-02 5.5643e-02 2.9893e-01 9.6979e-02 3.9967e-01 4.0610e-02 6.2547e-02 1.2535e-01 7.8912e-01 2.5224e-01 1.2275e+00 4.9484e-01 0.0000e+00 4.9438e-01 1.0858e+00 1.4468e-01 2.2471e-01 4.7059e-01 3.5998e-01
4.6425e-02 6.1920e-02 3.0323e-01 1.6249e-01 4.3194e-01 7.4295e-02 7.9476e-02 1.0777e-01 6.6861e-01 1.9105e-01 7.9100e-01 3.0489e-01 4.9438e-01 0.0000e+00 6.4405e-01 4.2530e-01 7.6223e-01 4.3201e-01 3.0041e-01
3.6006e-02 6.2020e-02 3.0632e-01 4.4030e-02 1.8988e-01 3.8917e-02 4.6664e-02 6.5204e-02 4.8474e-01 2.0040e-01 1.0135e+00 3.3557e-01 1.0858e+00 6.4405e-01 0.0000e+00 1.1997e-01 2.1796e-01 7.3259e-01 4.8941e-01
5.2689e-02 5.5221e-02 2.0326e-01 3.4162e-01 5.7738e-01 7.1273e-02 8.8116e-02 1.3461e-01 5.2297e-01 8.9525e-02 3.1686e-01 1.2138e-01 1.4468e-01 4.2530e-01 1.1997e-01 0.0000e+00 8.3940e-01 1.4905e-01 1.4629e-01
7.3076e-02 1.1667e-01 3.5692e-01 4.5857e-01 6.5524e-01 1.9960e-01 1.8677e-01 2.0846e-01 6.5150e-01 1.9951e-01 4.4800e-01 2.2123e-01 2.2471e-01 7.6223e-01 2.1796e-01 8.3940e-01 0.0000e+00 2.2970e-01 1.5931e-01
3.2322e-02 4.5755e-02 3.2662e-01 4.4957e-02 9.5877e-02 2.1174e-02 2.9521e-02 4.0881e-02 2.1623e-01 1.1638e-01 4.0436e-01 2.1084e-01 4.7059e-01 4.3201e-01 7.3259e-01 1.4905e-01 2.2970e-01 0.0000e+00 8.9700e-01
3.7812e-02 5.2229e-02 2.0535e-01 3.6484e-02 7.3248e-02 1.7792e-02 2.9591e-02 3.3002e-02 1.5748e-01 7.9305e-02 3.0234e-01 1.3872e-01 3.5998e-01 3.0041e-01 4.8941e-01 1.4629e-01 1.5931e-01 8.9700e-01 0.0000e+00
