1.0000e+00    9.9665e-01    9.9716e-01    9.8791e-01    9.9063e-01    9.9233e-01    9.8454e-01    9.8157e-01    9.8939e-01    9.9141e-01    9.7403e-01    9.8404e-01    9.9189e-01    9.9337e-01    9.9474e-01    9.8827e-01    9.8317e-01    9.9202e-01    9.8976e-01    9.8578e-01    9.7945e-01    9.8976e-01
9.9665e-01    1.0000e+00    9.9709e-01    9.9294e-01    9.8814e-01    9.9251e-01    9.8344e-01    9.7982e-01    9.8895e-01    9.8973e-01    9.6943e-01    9.7898e-01    9.8967e-01    9.9256e-01    9.9344e-01    9.8502e-01    9.7799e-01    9.8961e-01    9.8585e-01    9.9213e-01    9.8029e-01    9.8815e-01
9.9716e-01    9.9709e-01    1.0000e+00    9.9018e-01    9.8767e-01    9.8893e-01    9.8823e-01    9.8468e-01    9.8786e-01    9.9069e-01    9.7484e-01    9.8277e-01    9.9058e-01    9.9263e-01    9.9301e-01    9.8792e-01    9.8199e-01    9.8903e-01    9.8706e-01    9.8930e-01    9.8185e-01    9.8821e-01
9.8791e-01    9.9294e-01    9.9018e-01    1.0000e+00    9.8543e-01    9.8520e-01    9.8106e-01    9.7687e-01    9.8212e-01    9.8331e-01    9.6313e-01    9.7235e-01    9.8213e-01    9.8588e-01    9.8650e-01    9.7891e-01    9.7553e-01    9.8166e-01    9.8152e-01    9.9269e-01    9.8106e-01    9.7865e-01
9.9063e-01    9.8814e-01    9.8767e-01    9.8543e-01    1.0000e+00    9.9287e-01    9.7828e-01    9.7675e-01    9.8745e-01    9.9213e-01    9.7054e-01    9.8258e-01    9.9181e-01    9.9472e-01    9.9402e-01    9.8944e-01    9.8401e-01    9.9276e-01    9.9406e-01    9.8130e-01    9.7174e-01    9.9145e-01
9.9233e-01    9.9251e-01    9.8893e-01    9.8520e-01    9.9287e-01    1.0000e+00    9.6996e-01    9.6735e-01    9.9138e-01    9.8932e-01    9.6145e-01    9.7402e-01    9.8812e-01    9.9415e-01    9.9427e-01    9.8274e-01    9.7283e-01    9.9243e-01    9.9057e-01    9.8176e-01    9.6348e-01    9.8937e-01
9.8454e-01    9.8344e-01    9.8823e-01    9.8106e-01    9.7828e-01    9.6996e-01    1.0000e+00    9.9514e-01    9.7809e-01    9.8690e-01    9.8540e-01    9.8901e-01    9.8761e-01    9.8329e-01    9.8366e-01    9.8905e-01    9.8745e-01    9.8074e-01    9.8038e-01    9.8172e-01    9.9205e-01    9.8310e-01
9.8157e-01    9.7982e-01    9.8468e-01    9.7687e-01    9.7675e-01    9.6735e-01    9.9514e-01    1.0000e+00    9.8020e-01    9.8728e-01    9.8696e-01    9.9105e-01    9.8858e-01    9.8247e-01    9.8203e-01    9.9001e-01    9.8669e-01    9.8284e-01    9.8052e-01    9.7876e-01    9.8862e-01    9.8292e-01
9.8939e-01    9.8895e-01    9.8786e-01    9.8212e-01    9.8745e-01    9.9138e-01    9.7809e-01    9.8020e-01    1.0000e+00    9.9401e-01    9.7227e-01    9.8403e-01    9.9270e-01    9.9379e-01    9.9322e-01    9.8610e-01    9.7966e-01    9.9453e-01    9.9300e-01    9.7765e-01    9.7109e-01    9.9210e-01
9.9141e-01    9.8973e-01    9.9069e-01    9.8331e-01    9.9213e-01    9.8932e-01    9.8690e-01    9.8728e-01    9.9401e-01    1.0000e+00    9.8589e-01    9.9356e-01    9.9749e-01    9.9779e-01    9.9630e-01    9.9571e-01    9.8891e-01    9.9669e-01    9.9625e-01    9.8148e-01    9.8014e-01    9.9754e-01
9.7403e-01    9.6943e-01    9.7484e-01    9.6313e-01    9.7054e-01    9.6145e-01    9.8540e-01    9.8696e-01    9.7227e-01    9.8589e-01    1.0000e+00    9.9000e-01    9.8403e-01    9.7842e-01    9.7492e-01    9.8647e-01    9.8144e-01    9.7867e-01    9.7838e-01    9.6239e-01    9.7817e-01    9.8094e-01
9.8404e-01    9.7898e-01    9.8277e-01    9.7235e-01    9.8258e-01    9.7402e-01    9.8901e-01    9.9105e-01    9.8403e-01    9.9356e-01    9.9000e-01    1.0000e+00    9.9413e-01    9.8767e-01    9.8816e-01    9.9228e-01    9.9362e-01    9.8925e-01    9.8907e-01    9.6908e-01    9.8280e-01    9.9004e-01
9.9189e-01    9.8967e-01    9.9058e-01    9.8213e-01    9.9181e-01    9.8812e-01    9.8761e-01    9.8858e-01    9.9270e-01    9.9749e-01    9.8403e-01    9.9413e-01    1.0000e+00    9.9610e-01    9.9615e-01    9.9515e-01    9.9136e-01    9.9675e-01    9.9454e-01    9.8020e-01    9.7956e-01    9.9561e-01
9.9337e-01    9.9256e-01    9.9263e-01    9.8588e-01    9.9472e-01    9.9415e-01    9.8329e-01    9.8247e-01    9.9379e-01    9.9779e-01    9.7842e-01    9.8767e-01    9.9610e-01    1.0000e+00    9.9754e-01    9.9438e-01    9.8469e-01    9.9689e-01    9.9620e-01    9.8443e-01    9.7551e-01    9.9684e-01
9.9474e-01    9.9344e-01    9.9301e-01    9.8650e-01    9.9402e-01    9.9427e-01    9.8366e-01    9.8203e-01    9.9322e-01    9.9630e-01    9.7492e-01    9.8816e-01    9.9615e-01    9.9754e-01    1.0000e+00    9.9222e-01    9.8580e-01    9.9617e-01    9.9499e-01    9.8447e-01    9.7711e-01    9.9533e-01
9.8827e-01    9.8502e-01    9.8792e-01    9.7891e-01    9.8944e-01    9.8274e-01    9.8905e-01    9.9001e-01    9.8610e-01    9.9571e-01    9.8647e-01    9.9228e-01    9.9515e-01    9.9438e-01    9.9222e-01    1.0000e+00    9.8862e-01    9.9264e-01    9.9175e-01    9.8080e-01    9.8087e-01    9.9451e-01
9.8317e-01    9.7799e-01    9.8199e-01    9.7553e-01    9.8401e-01    9.7283e-01    9.8745e-01    9.8669e-01    9.7966e-01    9.8891e-01    9.8144e-01    9.9362e-01    9.9136e-01    9.8469e-01    9.8580e-01    9.8862e-01    1.0000e+00    9.8584e-01    9.8652e-01    9.6872e-01    9.8098e-01    9.8557e-01
9.9202e-01    9.8961e-01    9.8903e-01    9.8166e-01    9.9276e-01    9.9243e-01    9.8074e-01    9.8284e-01    9.9453e-01    9.9669e-01    9.7867e-01    9.8925e-01    9.9675e-01    9.9689e-01    9.9617e-01    9.9264e-01    9.8584e-01    1.0000e+00    9.9630e-01    9.7926e-01    9.7251e-01    9.9531e-01
9.8976e-01    9.8585e-01    9.8706e-01    9.8152e-01    9.9406e-01    9.9057e-01    9.8038e-01    9.8052e-01    9.9300e-01    9.9625e-01    9.7838e-01    9.8907e-01    9.9454e-01    9.9620e-01    9.9499e-01    9.9175e-01    9.8652e-01    9.9630e-01    1.0000e+00    9.7515e-01    9.7318e-01    9.9496e-01
9.8578e-01    9.9213e-01    9.8930e-01    9.9269e-01    9.8130e-01    9.8176e-01    9.8172e-01    9.7876e-01    9.7765e-01    9.8148e-01    9.6239e-01    9.6908e-01    9.8020e-01    9.8443e-01    9.8447e-01    9.8080e-01    9.6872e-01    9.7926e-01    9.7515e-01    1.0000e+00    9.8226e-01    9.7887e-01
9.7945e-01    9.8029e-01    9.8185e-01    9.8106e-01    9.7174e-01    9.6348e-01    9.9205e-01    9.8862e-01    9.7109e-01    9.8014e-01    9.7817e-01    9.8280e-01    9.7956e-01    9.7551e-01    9.7711e-01    9.8087e-01    9.8098e-01    9.7251e-01    9.7318e-01    9.8226e-01    1.0000e+00    9.7577e-01
9.8976e-01    9.8815e-01    9.8821e-01    9.7865e-01    9.9145e-01    9.8937e-01    9.8310e-01    9.8292e-01    9.9210e-01    9.9754e-01    9.8094e-01    9.9004e-01    9.9561e-01    9.9684e-01    9.9533e-01    9.9451e-01    9.8557e-01    9.9531e-01    9.9496e-01    9.7887e-01    9.7577e-01    1.0000e+00
