1.0000e+00    9.9807e-01    9.9696e-01    9.9265e-01    9.9546e-01    9.9772e-01    9.8928e-01    9.9616e-01    9.9767e-01    9.9737e-01    9.8954e-01    9.9608e-01    9.9687e-01    9.9729e-01    9.9630e-01    9.9724e-01    9.9235e-01    9.9707e-01    9.9650e-01    9.9413e-01    9.9444e-01    9.9637e-01
9.9807e-01    1.0000e+00    9.9818e-01    9.9366e-01    9.9465e-01    9.9731e-01    9.9236e-01    9.9793e-01    9.9746e-01    9.9835e-01    9.9199e-01    9.9717e-01    9.9766e-01    9.9807e-01    9.9682e-01    9.9685e-01    9.9091e-01    9.9697e-01    9.9617e-01    9.9550e-01    9.9535e-01    9.9722e-01
9.9696e-01    9.9818e-01    1.0000e+00    9.9523e-01    9.9323e-01    9.9584e-01    9.9461e-01    9.9749e-01    9.9588e-01    9.9844e-01    9.9243e-01    9.9688e-01    9.9604e-01    9.9785e-01    9.9664e-01    9.9640e-01    9.8945e-01    9.9527e-01    9.9588e-01    9.9613e-01    9.9607e-01    9.9591e-01
9.9265e-01    9.9366e-01    9.9523e-01    1.0000e+00    9.9080e-01    9.9214e-01    9.9491e-01    9.9417e-01    9.9229e-01    9.9533e-01    9.8934e-01    9.9469e-01    9.9221e-01    9.9454e-01    9.9437e-01    9.9238e-01    9.9101e-01    9.9008e-01    9.9431e-01    9.9172e-01    9.9607e-01    9.9129e-01
9.9546e-01    9.9465e-01    9.9323e-01    9.9080e-01    1.0000e+00    9.9662e-01    9.8642e-01    9.9394e-01    9.9522e-01    9.9497e-01    9.8399e-01    9.9180e-01    9.9449e-01    9.9566e-01    9.9401e-01    9.9559e-01    9.9119e-01    9.9405e-01    9.9647e-01    9.9267e-01    9.9164e-01    9.9605e-01
9.9772e-01    9.9731e-01    9.9584e-01    9.9214e-01    9.9662e-01    1.0000e+00    9.8841e-01    9.9616e-01    9.9767e-01    9.9728e-01    9.8783e-01    9.9485e-01    9.9634e-01    9.9761e-01    9.9593e-01    9.9786e-01    9.9144e-01    9.9709e-01    9.9691e-01    9.9457e-01    9.9265e-01    9.9699e-01
9.8928e-01    9.9236e-01    9.9461e-01    9.9491e-01    9.8642e-01    9.8841e-01    1.0000e+00    9.9318e-01    9.8938e-01    9.9435e-01    9.8876e-01    9.9308e-01    9.9040e-01    9.9287e-01    9.9265e-01    9.9022e-01    9.8422e-01    9.8770e-01    9.9101e-01    9.9157e-01    9.9522e-01    9.9059e-01
9.9616e-01    9.9793e-01    9.9749e-01    9.9417e-01    9.9394e-01    9.9616e-01    9.9318e-01    1.0000e+00    9.9718e-01    9.9840e-01    9.9188e-01    9.9682e-01    9.9732e-01    9.9781e-01    9.9661e-01    9.9592e-01    9.9010e-01    9.9671e-01    9.9639e-01    9.9578e-01    9.9471e-01    9.9615e-01
9.9767e-01    9.9746e-01    9.9588e-01    9.9229e-01    9.9522e-01    9.9767e-01    9.8938e-01    9.9718e-01    1.0000e+00    9.9791e-01    9.9051e-01    9.9614e-01    9.9791e-01    9.9757e-01    9.9608e-01    9.9684e-01    9.9244e-01    9.9770e-01    9.9687e-01    9.9411e-01    9.9407e-01    9.9643e-01
9.9737e-01    9.9835e-01    9.9844e-01    9.9533e-01    9.9497e-01    9.9728e-01    9.9435e-01    9.9840e-01    9.9791e-01    1.0000e+00    9.9296e-01    9.9751e-01    9.9772e-01    9.9904e-01    9.9755e-01    9.9752e-01    9.9173e-01    9.9709e-01    9.9748e-01    9.9643e-01    9.9651e-01    9.9743e-01
9.8954e-01    9.9199e-01    9.9243e-01    9.8934e-01    9.8399e-01    9.8783e-01    9.8876e-01    9.9188e-01    9.9051e-01    9.9296e-01    1.0000e+00    9.9288e-01    9.9098e-01    9.9124e-01    9.8822e-01    9.8834e-01    9.8440e-01    9.8886e-01    9.8880e-01    9.8784e-01    9.9135e-01    9.8848e-01
9.9608e-01    9.9717e-01    9.9688e-01    9.9469e-01    9.9180e-01    9.9485e-01    9.9308e-01    9.9682e-01    9.9614e-01    9.9751e-01    9.9288e-01    1.0000e+00    9.9628e-01    9.9638e-01    9.9609e-01    9.9448e-01    9.9160e-01    9.9509e-01    9.9531e-01    9.9264e-01    9.9619e-01    9.9439e-01
9.9687e-01    9.9766e-01    9.9604e-01    9.9221e-01    9.9449e-01    9.9634e-01    9.9040e-01    9.9732e-01    9.9791e-01    9.9772e-01    9.9098e-01    9.9628e-01    1.0000e+00    9.9715e-01    9.9677e-01    9.9562e-01    9.9059e-01    9.9718e-01    9.9600e-01    9.9365e-01    9.9367e-01    9.9581e-01
9.9729e-01    9.9807e-01    9.9785e-01    9.9454e-01    9.9566e-01    9.9761e-01    9.9287e-01    9.9781e-01    9.9757e-01    9.9904e-01    9.9124e-01    9.9638e-01    9.9715e-01    1.0000e+00    9.9744e-01    9.9782e-01    9.9062e-01    9.9686e-01    9.9722e-01    9.9701e-01    9.9557e-01    9.9758e-01
9.9630e-01    9.9682e-01    9.9664e-01    9.9437e-01    9.9401e-01    9.9593e-01    9.9265e-01    9.9661e-01    9.9608e-01    9.9755e-01    9.8822e-01    9.9609e-01    9.9677e-01    9.9744e-01    1.0000e+00    9.9586e-01    9.9027e-01    9.9551e-01    9.9668e-01    9.9483e-01    9.9438e-01    9.9539e-01
9.9724e-01    9.9685e-01    9.9640e-01    9.9238e-01    9.9559e-01    9.9786e-01    9.9022e-01    9.9592e-01    9.9684e-01    9.9752e-01    9.8834e-01    9.9448e-01    9.9562e-01    9.9782e-01    9.9586e-01    1.0000e+00    9.8998e-01    9.9631e-01    9.9622e-01    9.9663e-01    9.9351e-01    9.9760e-01
9.9235e-01    9.9091e-01    9.8945e-01    9.9101e-01    9.9119e-01    9.9144e-01    9.8422e-01    9.9010e-01    9.9244e-01    9.9173e-01    9.8440e-01    9.9160e-01    9.9059e-01    9.9062e-01    9.9027e-01    9.8998e-01    1.0000e+00    9.8898e-01    9.9206e-01    9.8528e-01    9.9217e-01    9.9060e-01
9.9707e-01    9.9697e-01    9.9527e-01    9.9008e-01    9.9405e-01    9.9709e-01    9.8770e-01    9.9671e-01    9.9770e-01    9.9709e-01    9.8886e-01    9.9509e-01    9.9718e-01    9.9686e-01    9.9551e-01    9.9631e-01    9.8898e-01    1.0000e+00    9.9583e-01    9.9371e-01    9.9125e-01    9.9581e-01
9.9650e-01    9.9617e-01    9.9588e-01    9.9431e-01    9.9647e-01    9.9691e-01    9.9101e-01    9.9639e-01    9.9687e-01    9.9748e-01    9.8880e-01    9.9531e-01    9.9600e-01    9.9722e-01    9.9668e-01    9.9622e-01    9.9206e-01    9.9583e-01    1.0000e+00    9.9376e-01    9.9441e-01    9.9587e-01
9.9413e-01    9.9550e-01    9.9613e-01    9.9172e-01    9.9267e-01    9.9457e-01    9.9157e-01    9.9578e-01    9.9411e-01    9.9643e-01    9.8784e-01    9.9264e-01    9.9365e-01    9.9701e-01    9.9483e-01    9.9663e-01    9.8528e-01    9.9371e-01    9.9376e-01    1.0000e+00    9.9228e-01    9.9582e-01
9.9444e-01    9.9535e-01    9.9607e-01    9.9607e-01    9.9164e-01    9.9265e-01    9.9522e-01    9.9471e-01    9.9407e-01    9.9651e-01    9.9135e-01    9.9619e-01    9.9367e-01    9.9557e-01    9.9438e-01    9.9351e-01    9.9217e-01    9.9125e-01    9.9441e-01    9.9228e-01    1.0000e+00    9.9404e-01
9.9637e-01    9.9722e-01    9.9591e-01    9.9129e-01    9.9605e-01    9.9699e-01    9.9059e-01    9.9615e-01    9.9643e-01    9.9743e-01    9.8848e-01    9.9439e-01    9.9581e-01    9.9758e-01    9.9539e-01    9.9760e-01    9.9060e-01    9.9581e-01    9.9587e-01    9.9582e-01    9.9404e-01    1.0000e+00
