1.0000e+00    9.9708e-01    9.9734e-01    9.9022e-01    9.9135e-01    9.9397e-01    9.8821e-01    9.8728e-01    9.9202e-01    9.9392e-01    9.7986e-01    9.8868e-01    9.9360e-01    9.9487e-01    9.9561e-01    9.9161e-01    9.8641e-01    9.9367e-01    9.9200e-01    9.8804e-01    9.8523e-01    9.9230e-01
9.9708e-01    1.0000e+00    9.9763e-01    9.9290e-01    9.8870e-01    9.9399e-01    9.8826e-01    9.8641e-01    9.9154e-01    9.9300e-01    9.7805e-01    9.8543e-01    9.9201e-01    9.9430e-01    9.9478e-01    9.8972e-01    9.8244e-01    9.9185e-01    9.8872e-01    9.9296e-01    9.8608e-01    9.9175e-01
9.9734e-01    9.9763e-01    1.0000e+00    9.9209e-01    9.8904e-01    9.9152e-01    9.9144e-01    9.8970e-01    9.9067e-01    9.9384e-01    9.8158e-01    9.8789e-01    9.9245e-01    9.9459e-01    9.9453e-01    9.9166e-01    9.8540e-01    9.9134e-01    9.9024e-01    9.9120e-01    9.8706e-01    9.9142e-01
9.9022e-01    9.9290e-01    9.9209e-01    1.0000e+00    9.8836e-01    9.8839e-01    9.8645e-01    9.8385e-01    9.8629e-01    9.8815e-01    9.7238e-01    9.8101e-01    9.8628e-01    9.8988e-01    9.8965e-01    9.8517e-01    9.8203e-01    9.8555e-01    9.8733e-01    9.9250e-01    9.8647e-01    9.8410e-01
9.9135e-01    9.8870e-01    9.8904e-01    9.8836e-01    1.0000e+00    9.9337e-01    9.8200e-01    9.8219e-01    9.8897e-01    9.9280e-01    9.7424e-01    9.8539e-01    9.9213e-01    9.9497e-01    9.9380e-01    9.9118e-01    9.8650e-01    9.9231e-01    9.9463e-01    9.8419e-01    9.7821e-01    9.9221e-01
9.9397e-01    9.9399e-01    9.9152e-01    9.8839e-01    9.9337e-01    1.0000e+00    9.7876e-01    9.7770e-01    9.9320e-01    9.9241e-01    9.7120e-01    9.8149e-01    9.9087e-01    9.9557e-01    9.9541e-01    9.8852e-01    9.7869e-01    9.9419e-01    9.9273e-01    9.8603e-01    9.7440e-01    9.9227e-01
9.8821e-01    9.8826e-01    9.9144e-01    9.8645e-01    9.8200e-01    9.7876e-01    1.0000e+00    9.9527e-01    9.8412e-01    9.9078e-01    9.8771e-01    9.9137e-01    9.8995e-01    9.8784e-01    9.8824e-01    9.9130e-01    9.8867e-01    9.8474e-01    9.8512e-01    9.8567e-01    9.9395e-01    9.8742e-01
9.8728e-01    9.8641e-01    9.8970e-01    9.8385e-01    9.8219e-01    9.7770e-01    9.9527e-01    1.0000e+00    9.8656e-01    9.9109e-01    9.8777e-01    9.9258e-01    9.9135e-01    9.8790e-01    9.8747e-01    9.9210e-01    9.8841e-01    9.8751e-01    9.8576e-01    9.8410e-01    9.9077e-01    9.8706e-01
9.9202e-01    9.9154e-01    9.9067e-01    9.8629e-01    9.8897e-01    9.9320e-01    9.8412e-01    9.8656e-01    1.0000e+00    9.9512e-01    9.7856e-01    9.8835e-01    9.9442e-01    9.9487e-01    9.9409e-01    9.8967e-01    9.8378e-01    9.9566e-01    9.9377e-01    9.8243e-01    9.7938e-01    9.9314e-01
9.9392e-01    9.9300e-01    9.9384e-01    9.8815e-01    9.9280e-01    9.9241e-01    9.9078e-01    9.9109e-01    9.9512e-01    1.0000e+00    9.8865e-01    9.9502e-01    9.9748e-01    9.9819e-01    9.9701e-01    9.9665e-01    9.9048e-01    9.9677e-01    9.9639e-01    9.8617e-01    9.8639e-01    9.9767e-01
9.7986e-01    9.7805e-01    9.8158e-01    9.7238e-01    9.7424e-01    9.7120e-01    9.8771e-01    9.8777e-01    9.7856e-01    9.8865e-01    1.0000e+00    9.9148e-01    9.8603e-01    9.8258e-01    9.8016e-01    9.8710e-01    9.8323e-01    9.8209e-01    9.8153e-01    9.7073e-01    9.8360e-01    9.8430e-01
9.8868e-01    9.8543e-01    9.8789e-01    9.8101e-01    9.8539e-01    9.8149e-01    9.9137e-01    9.9258e-01    9.8835e-01    9.9502e-01    9.9148e-01    1.0000e+00    9.9502e-01    9.9055e-01    9.9109e-01    9.9299e-01    9.9414e-01    9.9113e-01    9.9102e-01    9.7674e-01    9.8832e-01    9.9166e-01
9.9360e-01    9.9201e-01    9.9245e-01    9.8628e-01    9.9213e-01    9.9087e-01    9.8995e-01    9.9135e-01    9.9442e-01    9.9748e-01    9.8603e-01    9.9502e-01    1.0000e+00    9.9637e-01    9.9641e-01    9.9524e-01    9.9166e-01    9.9651e-01    9.9443e-01    9.8446e-01    9.8527e-01    9.9577e-01
9.9487e-01    9.9430e-01    9.9459e-01    9.8988e-01    9.9497e-01    9.9557e-01    9.8784e-01    9.8790e-01    9.9487e-01    9.9819e-01    9.8258e-01    9.9055e-01    9.9637e-01    1.0000e+00    9.9766e-01    9.9597e-01    9.8706e-01    9.9692e-01    9.9659e-01    9.8849e-01    9.8273e-01    9.9700e-01
9.9561e-01    9.9478e-01    9.9453e-01    9.8965e-01    9.9380e-01    9.9541e-01    9.8824e-01    9.8747e-01    9.9409e-01    9.9701e-01    9.8016e-01    9.9109e-01    9.9641e-01    9.9766e-01    1.0000e+00    9.9438e-01    9.8764e-01    9.9593e-01    9.9521e-01    9.8804e-01    9.8398e-01    9.9588e-01
9.9161e-01    9.8972e-01    9.9166e-01    9.8517e-01    9.9118e-01    9.8852e-01    9.9130e-01    9.9210e-01    9.8967e-01    9.9665e-01    9.8710e-01    9.9299e-01    9.9524e-01    9.9597e-01    9.9438e-01    1.0000e+00    9.8868e-01    9.9381e-01    9.9299e-01    9.8659e-01    9.8597e-01    9.9564e-01
9.8641e-01    9.8244e-01    9.8540e-01    9.8203e-01    9.8650e-01    9.7869e-01    9.8867e-01    9.8841e-01    9.8378e-01    9.9048e-01    9.8323e-01    9.9414e-01    9.9166e-01    9.8706e-01    9.8764e-01    9.8868e-01    1.0000e+00    9.8691e-01    9.8879e-01    9.7433e-01    9.8604e-01    9.8746e-01
9.9367e-01    9.9185e-01    9.9134e-01    9.8555e-01    9.9231e-01    9.9419e-01    9.8474e-01    9.8751e-01    9.9566e-01    9.9677e-01    9.8209e-01    9.9113e-01    9.9651e-01    9.9692e-01    9.9593e-01    9.9381e-01    9.8691e-01    1.0000e+00    9.9611e-01    9.8327e-01    9.7914e-01    9.9530e-01
9.9200e-01    9.8872e-01    9.9024e-01    9.8733e-01    9.9463e-01    9.9273e-01    9.8512e-01    9.8576e-01    9.9377e-01    9.9639e-01    9.8153e-01    9.9102e-01    9.9443e-01    9.9659e-01    9.9521e-01    9.9299e-01    9.8879e-01    9.9611e-01    1.0000e+00    9.8059e-01    9.8039e-01    9.9446e-01
9.8804e-01    9.9296e-01    9.9120e-01    9.9250e-01    9.8419e-01    9.8603e-01    9.8567e-01    9.8410e-01    9.8243e-01    9.8617e-01    9.7073e-01    9.7674e-01    9.8446e-01    9.8849e-01    9.8804e-01    9.8659e-01    9.7433e-01    9.8327e-01    9.8059e-01    1.0000e+00    9.8543e-01    9.8468e-01
9.8523e-01    9.8608e-01    9.8706e-01    9.8647e-01    9.7821e-01    9.7440e-01    9.9395e-01    9.9077e-01    9.7938e-01    9.8639e-01    9.8360e-01    9.8832e-01    9.8527e-01    9.8273e-01    9.8398e-01    9.8597e-01    9.8604e-01    9.7914e-01    9.8039e-01    9.8543e-01    1.0000e+00    9.8302e-01
9.9230e-01    9.9175e-01    9.9142e-01    9.8410e-01    9.9221e-01    9.9227e-01    9.8742e-01    9.8706e-01    9.9314e-01    9.9767e-01    9.8430e-01    9.9166e-01    9.9577e-01    9.9700e-01    9.9588e-01    9.9564e-01    9.8746e-01    9.9530e-01    9.9446e-01    9.8468e-01    9.8302e-01    1.0000e+00
