1.0000e+00    9.9813e-01    9.9718e-01    9.9272e-01    9.9501e-01    9.9753e-01    9.9014e-01    9.9621e-01    9.9763e-01    9.9748e-01    9.9013e-01    9.9617e-01    9.9696e-01    9.9736e-01    9.9661e-01    9.9720e-01    9.9324e-01    9.9707e-01    9.9666e-01    9.9428e-01    9.9507e-01    9.9649e-01
9.9813e-01    1.0000e+00    9.9832e-01    9.9368e-01    9.9438e-01    9.9731e-01    9.9296e-01    9.9784e-01    9.9740e-01    9.9845e-01    9.9219e-01    9.9713e-01    9.9767e-01    9.9810e-01    9.9722e-01    9.9698e-01    9.9180e-01    9.9714e-01    9.9633e-01    9.9576e-01    9.9578e-01    9.9720e-01
9.9718e-01    9.9832e-01    1.0000e+00    9.9536e-01    9.9310e-01    9.9584e-01    9.9499e-01    9.9748e-01    9.9599e-01    9.9845e-01    9.9285e-01    9.9701e-01    9.9628e-01    9.9782e-01    9.9702e-01    9.9644e-01    9.9078e-01    9.9546e-01    9.9612e-01    9.9608e-01    9.9634e-01    9.9575e-01
9.9272e-01    9.9368e-01    9.9536e-01    1.0000e+00    9.9060e-01    9.9212e-01    9.9534e-01    9.9419e-01    9.9239e-01    9.9541e-01    9.8985e-01    9.9457e-01    9.9244e-01    9.9457e-01    9.9472e-01    9.9231e-01    9.9133e-01    9.9035e-01    9.9462e-01    9.9175e-01    9.9601e-01    9.9076e-01
9.9501e-01    9.9438e-01    9.9310e-01    9.9060e-01    1.0000e+00    9.9633e-01    9.8693e-01    9.9382e-01    9.9508e-01    9.9497e-01    9.8452e-01    9.9145e-01    9.9430e-01    9.9556e-01    9.9402e-01    9.9544e-01    9.9138e-01    9.9415e-01    9.9610e-01    9.9281e-01    9.9192e-01    9.9575e-01
9.9753e-01    9.9731e-01    9.9584e-01    9.9212e-01    9.9633e-01    1.0000e+00    9.8936e-01    9.9612e-01    9.9764e-01    9.9733e-01    9.8811e-01    9.9463e-01    9.9634e-01    9.9764e-01    9.9618e-01    9.9786e-01    9.9174e-01    9.9720e-01    9.9682e-01    9.9506e-01    9.9323e-01    9.9712e-01
9.9014e-01    9.9296e-01    9.9499e-01    9.9534e-01    9.8693e-01    9.8936e-01    1.0000e+00    9.9355e-01    9.9030e-01    9.9481e-01    9.8959e-01    9.9372e-01    9.9158e-01    9.9342e-01    9.9359e-01    9.9075e-01    9.8620e-01    9.8886e-01    9.9194e-01    9.9152e-01    9.9537e-01    9.9050e-01
9.9621e-01    9.9784e-01    9.9748e-01    9.9419e-01    9.9382e-01    9.9612e-01    9.9355e-01    1.0000e+00    9.9718e-01    9.9829e-01    9.9194e-01    9.9664e-01    9.9751e-01    9.9771e-01    9.9682e-01    9.9597e-01    9.9105e-01    9.9686e-01    9.9647e-01    9.9586e-01    9.9501e-01    9.9582e-01
9.9763e-01    9.9740e-01    9.9599e-01    9.9239e-01    9.9508e-01    9.9764e-01    9.9030e-01    9.9718e-01    1.0000e+00    9.9794e-01    9.9080e-01    9.9580e-01    9.9792e-01    9.9769e-01    9.9613e-01    9.9695e-01    9.9324e-01    9.9785e-01    9.9705e-01    9.9423e-01    9.9459e-01    9.9671e-01
9.9748e-01    9.9845e-01    9.9845e-01    9.9541e-01    9.9497e-01    9.9733e-01    9.9481e-01    9.9829e-01    9.9794e-01    1.0000e+00    9.9320e-01    9.9731e-01    9.9782e-01    9.9906e-01    9.9785e-01    9.9765e-01    9.9264e-01    9.9727e-01    9.9770e-01    9.9649e-01    9.9677e-01    9.9740e-01
9.9013e-01    9.9219e-01    9.9285e-01    9.8985e-01    9.8452e-01    9.8811e-01    9.8959e-01    9.9194e-01    9.9080e-01    9.9320e-01    1.0000e+00    9.9318e-01    9.9116e-01    9.9135e-01    9.8934e-01    9.8876e-01    9.8603e-01    9.8921e-01    9.8964e-01    9.8809e-01    9.9203e-01    9.8845e-01
9.9617e-01    9.9713e-01    9.9701e-01    9.9457e-01    9.9145e-01    9.9463e-01    9.9372e-01    9.9664e-01    9.9580e-01    9.9731e-01    9.9318e-01    1.0000e+00    9.9620e-01    9.9623e-01    9.9623e-01    9.9427e-01    9.9260e-01    9.9512e-01    9.9539e-01    9.9262e-01    9.9637e-01    9.9395e-01
9.9696e-01    9.9767e-01    9.9628e-01    9.9244e-01    9.9430e-01    9.9634e-01    9.9158e-01    9.9751e-01    9.9792e-01    9.9782e-01    9.9116e-01    9.9620e-01    1.0000e+00    9.9727e-01    9.9701e-01    9.9571e-01    9.9168e-01    9.9734e-01    9.9622e-01    9.9408e-01    9.9430e-01    9.9592e-01
9.9736e-01    9.9810e-01    9.9782e-01    9.9457e-01    9.9556e-01    9.9764e-01    9.9342e-01    9.9771e-01    9.9769e-01    9.9906e-01    9.9135e-01    9.9623e-01    9.9727e-01    1.0000e+00    9.9765e-01    9.9800e-01    9.9174e-01    9.9718e-01    9.9737e-01    9.9697e-01    9.9590e-01    9.9746e-01
9.9661e-01    9.9722e-01    9.9702e-01    9.9472e-01    9.9402e-01    9.9618e-01    9.9359e-01    9.9682e-01    9.9613e-01    9.9785e-01    9.8934e-01    9.9623e-01    9.9701e-01    9.9765e-01    1.0000e+00    9.9602e-01    9.9134e-01    9.9583e-01    9.9682e-01    9.9508e-01    9.9511e-01    9.9539e-01
9.9720e-01    9.9698e-01    9.9644e-01    9.9231e-01    9.9544e-01    9.9786e-01    9.9075e-01    9.9597e-01    9.9695e-01    9.9765e-01    9.8876e-01    9.9427e-01    9.9571e-01    9.9800e-01    9.9602e-01    1.0000e+00    9.9066e-01    9.9655e-01    9.9637e-01    9.9667e-01    9.9410e-01    9.9766e-01
9.9324e-01    9.9180e-01    9.9078e-01    9.9133e-01    9.9138e-01    9.9174e-01    9.8620e-01    9.9105e-01    9.9324e-01    9.9264e-01    9.8603e-01    9.9260e-01    9.9168e-01    9.9174e-01    9.9134e-01    9.9066e-01    1.0000e+00    9.9018e-01    9.9319e-01    9.8660e-01    9.9313e-01    9.9120e-01
9.9707e-01    9.9714e-01    9.9546e-01    9.9035e-01    9.9415e-01    9.9720e-01    9.8886e-01    9.9686e-01    9.9785e-01    9.9727e-01    9.8921e-01    9.9512e-01    9.9734e-01    9.9718e-01    9.9583e-01    9.9655e-01    9.9018e-01    1.0000e+00    9.9600e-01    9.9426e-01    9.9214e-01    9.9634e-01
9.9666e-01    9.9633e-01    9.9612e-01    9.9462e-01    9.9610e-01    9.9682e-01    9.9194e-01    9.9647e-01    9.9705e-01    9.9770e-01    9.8964e-01    9.9539e-01    9.9622e-01    9.9737e-01    9.9682e-01    9.9637e-01    9.9319e-01    9.9600e-01    1.0000e+00    9.9391e-01    9.9518e-01    9.9587e-01
9.9428e-01    9.9576e-01    9.9608e-01    9.9175e-01    9.9281e-01    9.9506e-01    9.9152e-01    9.9586e-01    9.9423e-01    9.9649e-01    9.8809e-01    9.9262e-01    9.9408e-01    9.9697e-01    9.9508e-01    9.9667e-01    9.8660e-01    9.9426e-01    9.9391e-01    1.0000e+00    9.9276e-01    9.9558e-01
9.9507e-01    9.9578e-01    9.9634e-01    9.9601e-01    9.9192e-01    9.9323e-01    9.9537e-01    9.9501e-01    9.9459e-01    9.9677e-01    9.9203e-01    9.9637e-01    9.9430e-01    9.9590e-01    9.9511e-01    9.9410e-01    9.9313e-01    9.9214e-01    9.9518e-01    9.9276e-01    1.0000e+00    9.9389e-01
9.9649e-01    9.9720e-01    9.9575e-01    9.9076e-01    9.9575e-01    9.9712e-01    9.9050e-01    9.9582e-01    9.9671e-01    9.9740e-01    9.8845e-01    9.9395e-01    9.9592e-01    9.9746e-01    9.9539e-01    9.9766e-01    9.9120e-01    9.9634e-01    9.9587e-01    9.9558e-01    9.9389e-01    1.0000e+00
