1.0000e+00    9.9317e-01    9.9365e-01    9.8011e-01    9.8754e-01    9.8723e-01    9.7848e-01    9.8093e-01    9.5225e-01    9.9144e-01    9.9059e-01    9.7978e-01    9.8895e-01    9.9235e-01    9.8988e-01    9.8774e-01    9.8957e-01    9.8644e-01    9.7409e-01    9.8894e-01    9.8311e-01
9.9317e-01    1.0000e+00    9.9709e-01    9.8649e-01    9.9294e-01    9.8814e-01    9.8977e-01    9.8941e-01    9.3578e-01    9.8344e-01    9.8973e-01    9.6943e-01    9.7898e-01    9.8967e-01    9.9256e-01    9.7799e-01    9.8961e-01    9.8585e-01    9.8001e-01    9.9213e-01    9.9192e-01
9.9365e-01    9.9709e-01    1.0000e+00    9.8698e-01    9.9018e-01    9.8767e-01    9.8730e-01    9.8733e-01    9.4113e-01    9.8823e-01    9.9069e-01    9.7484e-01    9.8277e-01    9.9058e-01    9.9263e-01    9.8199e-01    9.8903e-01    9.8706e-01    9.7996e-01    9.8930e-01    9.9040e-01
9.8011e-01    9.8649e-01    9.8698e-01    1.0000e+00    9.7569e-01    9.7623e-01    9.8319e-01    9.7764e-01    9.2797e-01    9.7746e-01    9.8239e-01    9.6685e-01    9.6950e-01    9.8084e-01    9.8532e-01    9.6510e-01    9.7848e-01    9.7482e-01    9.7701e-01    9.8313e-01    9.7937e-01
9.8754e-01    9.9294e-01    9.9018e-01    9.7569e-01    1.0000e+00    9.8543e-01    9.8061e-01    9.8228e-01    9.3224e-01    9.8106e-01    9.8331e-01    9.6313e-01    9.7235e-01    9.8213e-01    9.8588e-01    9.7553e-01    9.8166e-01    9.8152e-01    9.8383e-01    9.9269e-01    9.8814e-01
9.8723e-01    9.8814e-01    9.8767e-01    9.7623e-01    9.8543e-01    1.0000e+00    9.8632e-01    9.8994e-01    9.3002e-01    9.7828e-01    9.9213e-01    9.7054e-01    9.8258e-01    9.9181e-01    9.9472e-01    9.8401e-01    9.9276e-01    9.9406e-01    9.6725e-01    9.8130e-01    9.9099e-01
9.7848e-01    9.8977e-01    9.8730e-01    9.8319e-01    9.8061e-01    9.8632e-01    1.0000e+00    9.9288e-01    9.1240e-01    9.6759e-01    9.8459e-01    9.5628e-01    9.6775e-01    9.8232e-01    9.9095e-01    9.6768e-01    9.8364e-01    9.8346e-01    9.7374e-01    9.8084e-01    9.9377e-01
9.8093e-01    9.8941e-01    9.8733e-01    9.7764e-01    9.8228e-01    9.8994e-01    9.9288e-01    1.0000e+00    9.2283e-01    9.7021e-01    9.9139e-01    9.6393e-01    9.7762e-01    9.8909e-01    9.9469e-01    9.7534e-01    9.9216e-01    9.9343e-01    9.6512e-01    9.7660e-01    9.9200e-01
9.5225e-01    9.3578e-01    9.4113e-01    9.2797e-01    9.3224e-01    9.3002e-01    9.1240e-01    9.2283e-01    1.0000e+00    9.6265e-01    9.4558e-01    9.5418e-01    9.5519e-01    9.4957e-01    9.3775e-01    9.4976e-01    9.4177e-01    9.3830e-01    9.1777e-01    9.3399e-01    9.2061e-01
9.9144e-01    9.8344e-01    9.8823e-01    9.7746e-01    9.8106e-01    9.7828e-01    9.6759e-01    9.7021e-01    9.6265e-01    1.0000e+00    9.8690e-01    9.8540e-01    9.8901e-01    9.8761e-01    9.8329e-01    9.8745e-01    9.8074e-01    9.8038e-01    9.7309e-01    9.8172e-01    9.7225e-01
9.9059e-01    9.8973e-01    9.9069e-01    9.8239e-01    9.8331e-01    9.9213e-01    9.8459e-01    9.9139e-01    9.4558e-01    9.8690e-01    1.0000e+00    9.8589e-01    9.9356e-01    9.9749e-01    9.9779e-01    9.8891e-01    9.9669e-01    9.9625e-01    9.6940e-01    9.8148e-01    9.8663e-01
9.7978e-01    9.6943e-01    9.7484e-01    9.6685e-01    9.6313e-01    9.7054e-01    9.5628e-01    9.6393e-01    9.5418e-01    9.8540e-01    9.8589e-01    1.0000e+00    9.9000e-01    9.8403e-01    9.7842e-01    9.8144e-01    9.7867e-01    9.7838e-01    9.5219e-01    9.6239e-01    9.6088e-01
9.8895e-01    9.7898e-01    9.8277e-01    9.6950e-01    9.7235e-01    9.8258e-01    9.6775e-01    9.7762e-01    9.5519e-01    9.8901e-01    9.9356e-01    9.9000e-01    1.0000e+00    9.9413e-01    9.8767e-01    9.9362e-01    9.8925e-01    9.8907e-01    9.5425e-01    9.6908e-01    9.7120e-01
9.9235e-01    9.8967e-01    9.9058e-01    9.8084e-01    9.8213e-01    9.9181e-01    9.8232e-01    9.8909e-01    9.4957e-01    9.8761e-01    9.9749e-01    9.8403e-01    9.9413e-01    1.0000e+00    9.9610e-01    9.9136e-01    9.9675e-01    9.9454e-01    9.6597e-01    9.8020e-01    9.8432e-01
9.8988e-01    9.9256e-01    9.9263e-01    9.8532e-01    9.8588e-01    9.9472e-01    9.9095e-01    9.9469e-01    9.3775e-01    9.8329e-01    9.9779e-01    9.7842e-01    9.8767e-01    9.9610e-01    1.0000e+00    9.8469e-01    9.9689e-01    9.9620e-01    9.7412e-01    9.8443e-01    9.9206e-01
9.8774e-01    9.7799e-01    9.8199e-01    9.6510e-01    9.7553e-01    9.8401e-01    9.6768e-01    9.7534e-01    9.4976e-01    9.8745e-01    9.8891e-01    9.8144e-01    9.9362e-01    9.9136e-01    9.8469e-01    1.0000e+00    9.8584e-01    9.8652e-01    9.5410e-01    9.6872e-01    9.7095e-01
9.8957e-01    9.8961e-01    9.8903e-01    9.7848e-01    9.8166e-01    9.9276e-01    9.8364e-01    9.9216e-01    9.4177e-01    9.8074e-01    9.9669e-01    9.7867e-01    9.8925e-01    9.9675e-01    9.9689e-01    9.8584e-01    1.0000e+00    9.9630e-01    9.6435e-01    9.7926e-01    9.8574e-01
9.8644e-01    9.8585e-01    9.8706e-01    9.7482e-01    9.8152e-01    9.9406e-01    9.8346e-01    9.9343e-01    9.3830e-01    9.8038e-01    9.9625e-01    9.7838e-01    9.8907e-01    9.9454e-01    9.9620e-01    9.8652e-01    9.9630e-01    1.0000e+00    9.6323e-01    9.7515e-01    9.8689e-01
9.7409e-01    9.8001e-01    9.7996e-01    9.7701e-01    9.8383e-01    9.6725e-01    9.7374e-01    9.6512e-01    9.1777e-01    9.7309e-01    9.6940e-01    9.5219e-01    9.5425e-01    9.6597e-01    9.7412e-01    9.5410e-01    9.6435e-01    9.6323e-01    1.0000e+00    9.8892e-01    9.7747e-01
9.8894e-01    9.9213e-01    9.8930e-01    9.8313e-01    9.9269e-01    9.8130e-01    9.8084e-01    9.7660e-01    9.3399e-01    9.8172e-01    9.8148e-01    9.6239e-01    9.6908e-01    9.8020e-01    9.8443e-01    9.6872e-01    9.7926e-01    9.7515e-01    9.8892e-01    1.0000e+00    9.8490e-01
9.8311e-01    9.9192e-01    9.9040e-01    9.7937e-01    9.8814e-01    9.9099e-01    9.9377e-01    9.9200e-01    9.2061e-01    9.7225e-01    9.8663e-01    9.6088e-01    9.7120e-01    9.8432e-01    9.9206e-01    9.7095e-01    9.8574e-01    9.8689e-01    9.7747e-01    9.8490e-01    1.0000e+00
