1.0000e+00    9.9540e-01    9.9530e-01    9.8323e-01    9.8987e-01    9.8889e-01    9.8442e-01    9.8773e-01    9.6207e-01    9.9285e-01    9.9370e-01    9.8392e-01    9.9190e-01    9.9416e-01    9.9296e-01    9.8898e-01    9.9259e-01    9.8994e-01    9.7694e-01    9.9046e-01    9.8733e-01
9.9540e-01    1.0000e+00    9.9763e-01    9.8825e-01    9.9290e-01    9.8870e-01    9.9122e-01    9.9224e-01    9.5125e-01    9.8826e-01    9.9300e-01    9.7805e-01    9.8543e-01    9.9201e-01    9.9430e-01    9.8244e-01    9.9185e-01    9.8872e-01    9.8150e-01    9.9296e-01    9.9242e-01
9.9530e-01    9.9763e-01    1.0000e+00    9.8780e-01    9.9209e-01    9.8904e-01    9.8995e-01    9.9142e-01    9.5428e-01    9.9144e-01    9.9384e-01    9.8158e-01    9.8789e-01    9.9245e-01    9.9459e-01    9.8540e-01    9.9134e-01    9.9024e-01    9.8240e-01    9.9120e-01    9.9216e-01
9.8323e-01    9.8825e-01    9.8780e-01    1.0000e+00    9.7806e-01    9.7690e-01    9.8552e-01    9.8069e-01    9.4131e-01    9.8138e-01    9.8457e-01    9.7180e-01    9.7421e-01    9.8269e-01    9.8609e-01    9.6782e-01    9.8030e-01    9.7621e-01    9.7932e-01    9.8651e-01    9.8077e-01
9.8987e-01    9.9290e-01    9.9209e-01    9.7806e-01    1.0000e+00    9.8836e-01    9.8443e-01    9.8742e-01    9.4555e-01    9.8645e-01    9.8815e-01    9.7238e-01    9.8101e-01    9.8628e-01    9.8988e-01    9.8203e-01    9.8555e-01    9.8733e-01    9.8398e-01    9.9250e-01    9.9009e-01
9.8889e-01    9.8870e-01    9.8904e-01    9.7690e-01    9.8836e-01    1.0000e+00    9.8790e-01    9.9159e-01    9.4234e-01    9.8200e-01    9.9280e-01    9.7424e-01    9.8539e-01    9.9213e-01    9.9497e-01    9.8650e-01    9.9231e-01    9.9463e-01    9.7114e-01    9.8419e-01    9.9284e-01
9.8442e-01    9.9122e-01    9.8995e-01    9.8552e-01    9.8443e-01    9.8790e-01    1.0000e+00    9.9361e-01    9.3185e-01    9.7683e-01    9.8854e-01    9.6808e-01    9.7623e-01    9.8549e-01    9.9254e-01    9.7493e-01    9.8561e-01    9.8620e-01    9.7926e-01    9.8611e-01    9.9425e-01
9.8773e-01    9.9224e-01    9.9142e-01    9.8069e-01    9.8742e-01    9.9159e-01    9.9361e-01    1.0000e+00    9.4210e-01    9.7999e-01    9.9413e-01    9.7409e-01    9.8441e-01    9.9166e-01    9.9616e-01    9.8156e-01    9.9364e-01    9.9499e-01    9.7284e-01    9.8297e-01    9.9350e-01
9.6207e-01    9.5125e-01    9.5428e-01    9.4131e-01    9.4555e-01    9.4234e-01    9.3185e-01    9.4210e-01    1.0000e+00    9.6827e-01    9.5717e-01    9.6113e-01    9.6330e-01    9.5996e-01    9.5105e-01    9.5677e-01    9.5433e-01    9.4962e-01    9.3211e-01    9.4599e-01    9.3821e-01
9.9285e-01    9.8826e-01    9.9144e-01    9.8138e-01    9.8645e-01    9.8200e-01    9.7683e-01    9.7999e-01    9.6827e-01    1.0000e+00    9.9078e-01    9.8771e-01    9.9137e-01    9.8995e-01    9.8784e-01    9.8867e-01    9.8474e-01    9.8512e-01    9.7770e-01    9.8567e-01    9.7953e-01
9.9370e-01    9.9300e-01    9.9384e-01    9.8457e-01    9.8815e-01    9.9280e-01    9.8854e-01    9.9413e-01    9.5717e-01    9.9078e-01    1.0000e+00    9.8865e-01    9.9502e-01    9.9748e-01    9.9819e-01    9.9048e-01    9.9677e-01    9.9639e-01    9.7555e-01    9.8617e-01    9.9027e-01
9.8392e-01    9.7805e-01    9.8158e-01    9.7180e-01    9.7238e-01    9.7424e-01    9.6808e-01    9.7409e-01    9.6113e-01    9.8771e-01    9.8865e-01    1.0000e+00    9.9148e-01    9.8603e-01    9.8258e-01    9.8323e-01    9.8209e-01    9.8153e-01    9.6242e-01    9.7073e-01    9.7115e-01
9.9190e-01    9.8543e-01    9.8789e-01    9.7421e-01    9.8101e-01    9.8539e-01    9.7623e-01    9.8441e-01    9.6330e-01    9.9137e-01    9.9502e-01    9.9148e-01    1.0000e+00    9.9502e-01    9.9055e-01    9.9414e-01    9.9113e-01    9.9102e-01    9.6336e-01    9.7674e-01    9.7949e-01
9.9416e-01    9.9201e-01    9.9245e-01    9.8269e-01    9.8628e-01    9.9213e-01    9.8549e-01    9.9166e-01    9.5996e-01    9.8995e-01    9.9748e-01    9.8603e-01    9.9502e-01    1.0000e+00    9.9637e-01    9.9166e-01    9.9651e-01    9.9443e-01    9.7065e-01    9.8446e-01    9.8797e-01
9.9296e-01    9.9430e-01    9.9459e-01    9.8609e-01    9.8988e-01    9.9497e-01    9.9254e-01    9.9616e-01    9.5105e-01    9.8784e-01    9.9819e-01    9.8258e-01    9.9055e-01    9.9637e-01    1.0000e+00    9.8706e-01    9.9692e-01    9.9659e-01    9.7888e-01    9.8849e-01    9.9377e-01
9.8898e-01    9.8244e-01    9.8540e-01    9.6782e-01    9.8203e-01    9.8650e-01    9.7493e-01    9.8156e-01    9.5677e-01    9.8867e-01    9.9048e-01    9.8323e-01    9.9414e-01    9.9166e-01    9.8706e-01    1.0000e+00    9.8691e-01    9.8879e-01    9.6140e-01    9.7433e-01    9.7831e-01
9.9259e-01    9.9185e-01    9.9134e-01    9.8030e-01    9.8555e-01    9.9231e-01    9.8561e-01    9.9364e-01    9.5433e-01    9.8474e-01    9.9677e-01    9.8209e-01    9.9113e-01    9.9651e-01    9.9692e-01    9.8691e-01    1.0000e+00    9.9611e-01    9.6969e-01    9.8327e-01    9.8772e-01
9.8994e-01    9.8872e-01    9.9024e-01    9.7621e-01    9.8733e-01    9.9463e-01    9.8620e-01    9.9499e-01    9.4962e-01    9.8512e-01    9.9639e-01    9.8153e-01    9.9102e-01    9.9443e-01    9.9659e-01    9.8879e-01    9.9611e-01    1.0000e+00    9.7000e-01    9.8059e-01    9.8972e-01
9.7694e-01    9.8150e-01    9.8240e-01    9.7932e-01    9.8398e-01    9.7114e-01    9.7926e-01    9.7284e-01    9.3211e-01    9.7770e-01    9.7555e-01    9.6242e-01    9.6336e-01    9.7065e-01    9.7888e-01    9.6140e-01    9.6969e-01    9.7000e-01    1.0000e+00    9.8878e-01    9.7969e-01
9.9046e-01    9.9296e-01    9.9120e-01    9.8651e-01    9.9250e-01    9.8419e-01    9.8611e-01    9.8297e-01    9.4599e-01    9.8567e-01    9.8617e-01    9.7073e-01    9.7674e-01    9.8446e-01    9.8849e-01    9.7433e-01    9.8327e-01    9.8059e-01    9.8878e-01    1.0000e+00    9.8771e-01
9.8733e-01    9.9242e-01    9.9216e-01    9.8077e-01    9.9009e-01    9.9284e-01    9.9425e-01    9.9350e-01    9.3821e-01    9.7953e-01    9.9027e-01    9.7115e-01    9.7949e-01    9.8797e-01    9.9377e-01    9.7831e-01    9.8772e-01    9.8972e-01    9.7969e-01    9.8771e-01    1.0000e+00
