1.0000e+00    9.9808e-01    9.9655e-01    9.8283e-01    9.9166e-01    9.9563e-01    9.9324e-01    9.9727e-01    9.8542e-01    9.8966e-01    9.9743e-01    9.8885e-01    9.9576e-01    9.9735e-01    9.9750e-01    9.9275e-01    9.9766e-01    9.9698e-01    9.8306e-01    9.9478e-01    9.9439e-01
9.9808e-01    1.0000e+00    9.9832e-01    9.8753e-01    9.9368e-01    9.9438e-01    9.9267e-01    9.9717e-01    9.8123e-01    9.9296e-01    9.9845e-01    9.9219e-01    9.9713e-01    9.9767e-01    9.9810e-01    9.9180e-01    9.9714e-01    9.9633e-01    9.8688e-01    9.9576e-01    9.9355e-01
9.9655e-01    9.9832e-01    1.0000e+00    9.8813e-01    9.9536e-01    9.9310e-01    9.9206e-01    9.9651e-01    9.7894e-01    9.9499e-01    9.9845e-01    9.9285e-01    9.9701e-01    9.9628e-01    9.9782e-01    9.9078e-01    9.9546e-01    9.9612e-01    9.8969e-01    9.9608e-01    9.9315e-01
9.8283e-01    9.8753e-01    9.8813e-01    1.0000e+00    9.8199e-01    9.7875e-01    9.7913e-01    9.8332e-01    9.5832e-01    9.8811e-01    9.8804e-01    9.8200e-01    9.8380e-01    9.8474e-01    9.8739e-01    9.7048e-01    9.8398e-01    9.8193e-01    9.8760e-01    9.8952e-01    9.7626e-01
9.9166e-01    9.9368e-01    9.9536e-01    9.8199e-01    1.0000e+00    9.9060e-01    9.8680e-01    9.9328e-01    9.7494e-01    9.9534e-01    9.9541e-01    9.8985e-01    9.9457e-01    9.9244e-01    9.9457e-01    9.9133e-01    9.9035e-01    9.9462e-01    9.8760e-01    9.9175e-01    9.8965e-01
9.9563e-01    9.9438e-01    9.9310e-01    9.7875e-01    9.9060e-01    1.0000e+00    9.9190e-01    9.9538e-01    9.8197e-01    9.8693e-01    9.9497e-01    9.8452e-01    9.9145e-01    9.9430e-01    9.9556e-01    9.9138e-01    9.9415e-01    9.9610e-01    9.8233e-01    9.9281e-01    9.9523e-01
9.9324e-01    9.9267e-01    9.9206e-01    9.7913e-01    9.8680e-01    9.9190e-01    1.0000e+00    9.9375e-01    9.7883e-01    9.8490e-01    9.9287e-01    9.8543e-01    9.8918e-01    9.9057e-01    9.9390e-01    9.8925e-01    9.9032e-01    9.9123e-01    9.8433e-01    9.9323e-01    9.9503e-01
9.9727e-01    9.9717e-01    9.9651e-01    9.8332e-01    9.9328e-01    9.9538e-01    9.9375e-01    1.0000e+00    9.8239e-01    9.9123e-01    9.9736e-01    9.8986e-01    9.9559e-01    9.9617e-01    9.9748e-01    9.9274e-01    9.9604e-01    9.9723e-01    9.8523e-01    9.9438e-01    9.9447e-01
9.8542e-01    9.8123e-01    9.7894e-01    9.5832e-01    9.7494e-01    9.8197e-01    9.7883e-01    9.8239e-01    1.0000e+00    9.7007e-01    9.8143e-01    9.7250e-01    9.8006e-01    9.8270e-01    9.8131e-01    9.8370e-01    9.8344e-01    9.8234e-01    9.6059e-01    9.7673e-01    9.8186e-01
9.8966e-01    9.9296e-01    9.9499e-01    9.8811e-01    9.9534e-01    9.8693e-01    9.8490e-01    9.9123e-01    9.7007e-01    1.0000e+00    9.9481e-01    9.8959e-01    9.9372e-01    9.9158e-01    9.9342e-01    9.8620e-01    9.8886e-01    9.9194e-01    9.9016e-01    9.9152e-01    9.8537e-01
9.9743e-01    9.9845e-01    9.9845e-01    9.8804e-01    9.9541e-01    9.9497e-01    9.9287e-01    9.9736e-01    9.8143e-01    9.9481e-01    1.0000e+00    9.9320e-01    9.9731e-01    9.9782e-01    9.9906e-01    9.9264e-01    9.9727e-01    9.9770e-01    9.8937e-01    9.9649e-01    9.9403e-01
9.8885e-01    9.9219e-01    9.9285e-01    9.8200e-01    9.8985e-01    9.8452e-01    9.8543e-01    9.8986e-01    9.7250e-01    9.8959e-01    9.9320e-01    1.0000e+00    9.9318e-01    9.9116e-01    9.9135e-01    9.8603e-01    9.8921e-01    9.8964e-01    9.8468e-01    9.8809e-01    9.8578e-01
9.9576e-01    9.9713e-01    9.9701e-01    9.8380e-01    9.9457e-01    9.9145e-01    9.8918e-01    9.9559e-01    9.8006e-01    9.9372e-01    9.9731e-01    9.9318e-01    1.0000e+00    9.9620e-01    9.9623e-01    9.9260e-01    9.9512e-01    9.9539e-01    9.8460e-01    9.9262e-01    9.9078e-01
9.9735e-01    9.9767e-01    9.9628e-01    9.8474e-01    9.9244e-01    9.9430e-01    9.9057e-01    9.9617e-01    9.8270e-01    9.9158e-01    9.9782e-01    9.9116e-01    9.9620e-01    1.0000e+00    9.9727e-01    9.9168e-01    9.9734e-01    9.9622e-01    9.8408e-01    9.9408e-01    9.9259e-01
9.9750e-01    9.9810e-01    9.9782e-01    9.8739e-01    9.9457e-01    9.9556e-01    9.9390e-01    9.9748e-01    9.8131e-01    9.9342e-01    9.9906e-01    9.9135e-01    9.9623e-01    9.9727e-01    1.0000e+00    9.9174e-01    9.9718e-01    9.9737e-01    9.8955e-01    9.9697e-01    9.9470e-01
9.9275e-01    9.9180e-01    9.9078e-01    9.7048e-01    9.9133e-01    9.9138e-01    9.8925e-01    9.9274e-01    9.8370e-01    9.8620e-01    9.9264e-01    9.8603e-01    9.9260e-01    9.9168e-01    9.9174e-01    1.0000e+00    9.9018e-01    9.9319e-01    9.7498e-01    9.8660e-01    9.9145e-01
9.9766e-01    9.9714e-01    9.9546e-01    9.8398e-01    9.9035e-01    9.9415e-01    9.9032e-01    9.9604e-01    9.8344e-01    9.8886e-01    9.9727e-01    9.8921e-01    9.9512e-01    9.9734e-01    9.9718e-01    9.9018e-01    1.0000e+00    9.9600e-01    9.8237e-01    9.9426e-01    9.9150e-01
9.9698e-01    9.9633e-01    9.9612e-01    9.8193e-01    9.9462e-01    9.9610e-01    9.9123e-01    9.9723e-01    9.8234e-01    9.9194e-01    9.9770e-01    9.8964e-01    9.9539e-01    9.9622e-01    9.9737e-01    9.9319e-01    9.9600e-01    1.0000e+00    9.8562e-01    9.9391e-01    9.9409e-01
9.8306e-01    9.8688e-01    9.8969e-01    9.8760e-01    9.8760e-01    9.8233e-01    9.8433e-01    9.8523e-01    9.6059e-01    9.9016e-01    9.8937e-01    9.8468e-01    9.8460e-01    9.8408e-01    9.8955e-01    9.7498e-01    9.8237e-01    9.8562e-01    1.0000e+00    9.9101e-01    9.8282e-01
9.9478e-01    9.9576e-01    9.9608e-01    9.8952e-01    9.9175e-01    9.9281e-01    9.9323e-01    9.9438e-01    9.7673e-01    9.9152e-01    9.9649e-01    9.8809e-01    9.9262e-01    9.9408e-01    9.9697e-01    9.8660e-01    9.9426e-01    9.9391e-01    9.9101e-01    1.0000e+00    9.9233e-01
9.9439e-01    9.9355e-01    9.9315e-01    9.7626e-01    9.8965e-01    9.9523e-01    9.9503e-01    9.9447e-01    9.8186e-01    9.8537e-01    9.9403e-01    9.8578e-01    9.9078e-01    9.9259e-01    9.9470e-01    9.9145e-01    9.9150e-01    9.9409e-01    9.8282e-01    9.9233e-01    1.0000e+00
