1.0000e+00    9.9797e-01    9.9637e-01    9.8100e-01    9.9182e-01    9.9603e-01    9.9251e-01    9.9715e-01    9.8476e-01    9.8896e-01    9.9735e-01    9.8818e-01    9.9589e-01    9.9721e-01    9.9746e-01    9.9202e-01    9.9748e-01    9.9693e-01    9.8121e-01    9.9457e-01    9.9460e-01
9.9797e-01    1.0000e+00    9.9818e-01    9.8592e-01    9.9366e-01    9.9465e-01    9.9217e-01    9.9714e-01    9.8001e-01    9.9236e-01    9.9835e-01    9.9199e-01    9.9717e-01    9.9766e-01    9.9807e-01    9.9091e-01    9.9697e-01    9.9617e-01    9.8537e-01    9.9550e-01    9.9360e-01
9.9637e-01    9.9818e-01    1.0000e+00    9.8704e-01    9.9523e-01    9.9323e-01    9.9172e-01    9.9643e-01    9.7694e-01    9.9461e-01    9.9844e-01    9.9243e-01    9.9688e-01    9.9604e-01    9.9785e-01    9.8945e-01    9.9527e-01    9.9588e-01    9.8852e-01    9.9613e-01    9.9300e-01
9.8100e-01    9.8592e-01    9.8704e-01    1.0000e+00    9.8158e-01    9.7690e-01    9.7814e-01    9.8231e-01    9.5374e-01    9.8825e-01    9.8716e-01    9.8190e-01    9.8292e-01    9.8307e-01    9.8661e-01    9.6742e-01    9.8235e-01    9.8088e-01    9.8795e-01    9.8876e-01    9.7457e-01
9.9182e-01    9.9366e-01    9.9523e-01    9.8158e-01    1.0000e+00    9.9080e-01    9.8729e-01    9.9364e-01    9.7411e-01    9.9491e-01    9.9533e-01    9.8934e-01    9.9469e-01    9.9221e-01    9.9454e-01    9.9101e-01    9.9008e-01    9.9431e-01    9.8585e-01    9.9172e-01    9.8961e-01
9.9603e-01    9.9465e-01    9.9323e-01    9.7690e-01    9.9080e-01    1.0000e+00    9.9179e-01    9.9578e-01    9.8088e-01    9.8642e-01    9.9497e-01    9.8399e-01    9.9180e-01    9.9449e-01    9.9566e-01    9.9119e-01    9.9405e-01    9.9647e-01    9.8034e-01    9.9267e-01    9.9555e-01
9.9251e-01    9.9217e-01    9.9172e-01    9.7814e-01    9.8729e-01    9.9179e-01    1.0000e+00    9.9376e-01    9.7628e-01    9.8508e-01    9.9259e-01    9.8505e-01    9.8923e-01    9.8973e-01    9.9366e-01    9.8818e-01    9.8884e-01    9.9086e-01    9.8364e-01    9.9311e-01    9.9517e-01
9.9715e-01    9.9714e-01    9.9643e-01    9.8231e-01    9.9364e-01    9.9578e-01    9.9376e-01    1.0000e+00    9.8086e-01    9.9085e-01    9.9740e-01    9.8935e-01    9.9562e-01    9.9592e-01    9.9742e-01    9.9171e-01    9.9555e-01    9.9722e-01    9.8453e-01    9.9435e-01    9.9451e-01
9.8476e-01    9.8001e-01    9.7694e-01    9.5374e-01    9.7411e-01    9.8088e-01    9.7628e-01    9.8086e-01    1.0000e+00    9.6695e-01    9.8000e-01    9.6996e-01    9.7936e-01    9.8107e-01    9.7977e-01    9.8371e-01    9.8233e-01    9.8108e-01    9.5537e-01    9.7490e-01    9.8036e-01
9.8896e-01    9.9236e-01    9.9461e-01    9.8825e-01    9.9491e-01    9.8642e-01    9.8508e-01    9.9085e-01    9.6695e-01    1.0000e+00    9.9435e-01    9.8876e-01    9.9308e-01    9.9040e-01    9.9287e-01    9.8422e-01    9.8770e-01    9.9101e-01    9.8942e-01    9.9157e-01    9.8509e-01
9.9735e-01    9.9835e-01    9.9844e-01    9.8716e-01    9.9533e-01    9.9497e-01    9.9259e-01    9.9740e-01    9.8000e-01    9.9435e-01    1.0000e+00    9.9296e-01    9.9751e-01    9.9772e-01    9.9904e-01    9.9173e-01    9.9709e-01    9.9748e-01    9.8786e-01    9.9643e-01    9.9405e-01
9.8818e-01    9.9199e-01    9.9243e-01    9.8190e-01    9.8934e-01    9.8399e-01    9.8505e-01    9.8935e-01    9.6996e-01    9.8876e-01    9.9296e-01    1.0000e+00    9.9288e-01    9.9098e-01    9.9124e-01    9.8440e-01    9.8886e-01    9.8880e-01    9.8338e-01    9.8784e-01    9.8547e-01
9.9589e-01    9.9717e-01    9.9688e-01    9.8292e-01    9.9469e-01    9.9180e-01    9.8923e-01    9.9562e-01    9.7936e-01    9.9308e-01    9.9751e-01    9.9288e-01    1.0000e+00    9.9628e-01    9.9638e-01    9.9160e-01    9.9509e-01    9.9531e-01    9.8368e-01    9.9264e-01    9.9110e-01
9.9721e-01    9.9766e-01    9.9604e-01    9.8307e-01    9.9221e-01    9.9449e-01    9.8973e-01    9.9592e-01    9.8107e-01    9.9040e-01    9.9772e-01    9.9098e-01    9.9628e-01    1.0000e+00    9.9715e-01    9.9059e-01    9.9718e-01    9.9600e-01    9.8214e-01    9.9365e-01    9.9259e-01
9.9746e-01    9.9807e-01    9.9785e-01    9.8661e-01    9.9454e-01    9.9566e-01    9.9366e-01    9.9742e-01    9.7977e-01    9.9287e-01    9.9904e-01    9.9124e-01    9.9638e-01    9.9715e-01    1.0000e+00    9.9062e-01    9.9686e-01    9.9722e-01    9.8839e-01    9.9701e-01    9.9495e-01
9.9202e-01    9.9091e-01    9.8945e-01    9.6742e-01    9.9101e-01    9.9119e-01    9.8818e-01    9.9171e-01    9.8371e-01    9.8422e-01    9.9173e-01    9.8440e-01    9.9160e-01    9.9059e-01    9.9062e-01    1.0000e+00    9.8898e-01    9.9206e-01    9.7148e-01    9.8528e-01    9.9099e-01
9.9748e-01    9.9697e-01    9.9527e-01    9.8235e-01    9.9008e-01    9.9405e-01    9.8884e-01    9.9555e-01    9.8233e-01    9.8770e-01    9.9709e-01    9.8886e-01    9.9509e-01    9.9718e-01    9.9686e-01    9.8898e-01    1.0000e+00    9.9583e-01    9.8035e-01    9.9371e-01    9.9113e-01
9.9693e-01    9.9617e-01    9.9588e-01    9.8088e-01    9.9431e-01    9.9647e-01    9.9086e-01    9.9722e-01    9.8108e-01    9.9101e-01    9.9748e-01    9.8880e-01    9.9531e-01    9.9600e-01    9.9722e-01    9.9206e-01    9.9583e-01    1.0000e+00    9.8393e-01    9.9376e-01    9.9424e-01
9.8121e-01    9.8537e-01    9.8852e-01    9.8795e-01    9.8585e-01    9.8034e-01    9.8364e-01    9.8453e-01    9.5537e-01    9.8942e-01    9.8786e-01    9.8338e-01    9.8368e-01    9.8214e-01    9.8839e-01    9.7148e-01    9.8035e-01    9.8393e-01    1.0000e+00    9.9017e-01    9.8124e-01
9.9457e-01    9.9550e-01    9.9613e-01    9.8876e-01    9.9172e-01    9.9267e-01    9.9311e-01    9.9435e-01    9.7490e-01    9.9157e-01    9.9643e-01    9.8784e-01    9.9264e-01    9.9365e-01    9.9701e-01    9.8528e-01    9.9371e-01    9.9376e-01    9.9017e-01    1.0000e+00    9.9232e-01
9.9460e-01    9.9360e-01    9.9300e-01    9.7457e-01    9.8961e-01    9.9555e-01    9.9517e-01    9.9451e-01    9.8036e-01    9.8509e-01    9.9405e-01    9.8547e-01    9.9110e-01    9.9259e-01    9.9495e-01    9.9099e-01    9.9113e-01    9.9424e-01    9.8124e-01    9.9232e-01    1.0000e+00
